Wave direction
0.00000e+00
 Frequency          Fx                Fy
4.30000000e-02 3.88756423e+03 -2.17411540e-04
4.40000000e-02 4.01856356e+03 -2.66175733e-04
4.50000000e-02 4.15663338e+03 -3.21378140e-04
4.60000000e-02 4.29137653e+03 -3.86856346e-04
4.80000000e-02 4.57828747e+03 -5.34481883e-04
4.90000000e-02 4.72687305e+03 -6.44481280e-04
5.10000000e-02 5.01670921e+03 -8.93411734e-04
5.20000000e-02 5.17698299e+03 -1.05173970e-03
5.40000000e-02 5.48511589e+03 -1.45387342e-03
5.60000000e-02 5.80884539e+03 -1.95478790e-03
5.80000000e-02 6.27403477e+03 -2.46473114e-03
6.00000000e-02 6.44369754e+03 -3.55855108e-03
6.20000000e-02 6.78121377e+03 -4.36759641e-03
6.50000000e-02 7.29853952e+03 -6.55323739e-03
6.80000000e-02 7.79541874e+03 -9.33747588e-03
7.00000000e-02 8.07719338e+03 -1.14124195e-02
7.40000000e-02 8.72432808e+03 -1.78643762e-02
7.70000000e-02 9.66577667e+03 -3.31293748e-02
8.10000000e-02 9.94611738e+03 -3.98633244e-02
8.50000000e-02 1.04568713e+04 -5.60655363e-02
9.00000000e-02 1.10775809e+04 -8.62929385e-02
9.50000000e-02 1.15967832e+04 -1.28222305e-01
1.01000000e-01 1.21135793e+04 -1.99766513e-01
1.08000000e-01 1.25397674e+04 -3.18760921e-01
1.15000000e-01 1.28733274e+04 -4.88709183e-01
1.24000000e-01 1.31736254e+04 -7.98431484e-01
1.35000000e-01 1.36087438e+04 -1.35048238e+00
1.47000000e-01 1.44077859e+04 -2.22056729e+00
1.61000000e-01 1.60494288e+04 -3.66523520e+00
1.79000000e-01 1.94741973e+04 -6.29611915e+00
2.00000000e-01 2.55276193e+04 -1.03734419e+01
2.28000000e-01 3.86332994e+04 -1.59290186e+01
2.65000000e-01 6.86974278e+04 -1.69687558e+01
3.15000000e-01 1.19766690e+05 -6.45921586e+00
3.88000000e-01 1.55582659e+05 -5.95243366e+01
5.01000000e-01 1.93869765e+05 -2.60557516e+00
6.97000000e-01 1.16295589e+05 1.35728023e+02
7.54000000e-01 7.26920515e+04 -3.32048492e+01
8.19000000e-01 -7.97850771e+02 5.30438811e+01
8.95000000e-01 -5.17163400e+04 -1.09215401e+02
9.38000000e-01 -7.71314987e+04 6.07360045e+01
9.85000000e-01 -8.50662124e+04 -2.67319196e+01
1.03700000e+00 -9.77725445e+04 8.94792565e+01
1.09500000e+00 -9.06151545e+04 -5.55630039e+01
1.16000000e+00 -6.79102834e+04 -5.35334416e+01
1.23500000e+00 -1.64721842e+04 -6.21110226e+01
1.27800000e+00 -6.18299242e+03 3.19775956e+01
1.32400000e+00 1.22717822e+04 9.99675732e-01
1.37500000e+00 4.03751920e+04 -3.99937057e+00
1.43200000e+00 6.51404414e+04 -1.46388245e+01
1.49600000e+00 1.01537374e+05 -4.80747808e+01
1.57000000e+00 9.94229706e+04 6.62193681e+01
1.65500000e+00 6.03424758e+04 2.39135477e+01
1.75500000e+00 3.15779367e+04 1.87059802e+02
1.87700000e+00 -2.68106472e+04 -1.06471375e+02
2.02700000e+00 3.66680479e+04 -6.02490393e+01
2.22100000e+00 1.26482407e+05 3.89420370e+01
2.48300000e+00 8.48276293e+04 1.07778696e+02
2.86700000e+00 2.08441672e+05 2.36076238e+01
3.51100000e+00 1.86557600e+05 -4.96298091e-01
Wave direction
5.23599e-01
 Frequency          Fx                Fy
4.30000000e-02 3.44028702e+03 1.97372430e+03
4.40000000e-02 3.58932795e+03 2.05749399e+03
4.50000000e-02 3.74523742e+03 2.14498502e+03
4.60000000e-02 3.90184463e+03 2.23256179e+03
4.80000000e-02 4.23741189e+03 2.41965783e+03
4.90000000e-02 4.41666212e+03 2.51916174e+03
5.10000000e-02 4.77601345e+03 2.71746996e+03
5.20000000e-02 4.97661339e+03 2.82792782e+03
5.40000000e-02 5.37884030e+03 3.04775081e+03
5.60000000e-02 5.80649709e+03 3.28007912e+03
5.80000000e-02 6.39042186e+03 3.59961592e+03
6.00000000e-02 6.74070134e+03 3.78016338e+03
6.20000000e-02 7.19809463e+03 4.02259999e+03
6.50000000e-02 8.02219268e+03 4.45386255e+03
6.80000000e-02 8.84896083e+03 4.87891838e+03
7.00000000e-02 9.36419618e+03 5.13761488e+03
7.40000000e-02 1.07872341e+04 5.84747284e+03
7.70000000e-02 1.25103211e+04 6.70720151e+03
8.10000000e-02 1.31855520e+04 6.99842118e+03
8.50000000e-02 1.45390982e+04 7.61422031e+03
9.00000000e-02 1.64457186e+04 8.45469159e+03
9.50000000e-02 1.83687251e+04 9.26219205e+03
1.01000000e-01 2.08026510e+04 1.02367375e+04
1.08000000e-01 2.36288900e+04 1.12995342e+04
1.15000000e-01 2.65828011e+04 1.23655765e+04
1.24000000e-01 3.04389214e+04 1.37211266e+04
1.35000000e-01 3.52831023e+04 1.54771144e+04
1.47000000e-01 4.08414965e+04 1.77031059e+04
1.61000000e-01 4.79372958e+04 2.09543608e+04
1.79000000e-01 5.83278784e+04 2.63042892e+04
2.00000000e-01 7.22991539e+04 3.38883064e+04
2.28000000e-01 9.35395025e+04 4.55002711e+04
2.65000000e-01 1.27066766e+05 6.48920556e+04
3.15000000e-01 1.95121700e+05 1.09868019e+05
3.88000000e-01 2.77544408e+05 1.83508305e+05
5.01000000e-01 3.59734966e+05 2.93929530e+05
6.97000000e-01 8.14024412e+05 4.97391982e+05
7.54000000e-01 9.34460036e+05 5.11755631e+05
8.19000000e-01 1.02419429e+06 5.09612437e+05
8.95000000e-01 9.92811058e+05 4.14199701e+05
9.38000000e-01 1.00009346e+06 4.19075764e+05
9.85000000e-01 9.24535470e+05 3.83250003e+05
1.03700000e+00 8.19159002e+05 3.42783478e+05
1.09500000e+00 6.52540978e+05 3.50055901e+05
1.16000000e+00 5.48722942e+05 3.85256967e+05
1.23500000e+00 6.12675791e+05 4.13737383e+05
1.27800000e+00 7.17725856e+05 4.58978863e+05
1.32400000e+00 8.23580643e+05 4.44190884e+05
1.37500000e+00 9.70205401e+05 4.00063264e+05
1.43200000e+00 9.82287239e+05 3.74848911e+05
1.49600000e+00 9.83921414e+05 5.30834605e+05
1.57000000e+00 7.71522032e+05 7.58789901e+05
1.65500000e+00 1.07574379e+06 5.68111890e+05
1.75500000e+00 1.32995661e+06 3.47421001e+05
1.87700000e+00 2.84005384e+05 5.83080232e+05
2.02700000e+00 6.52146013e+05 2.24025653e+04
2.22100000e+00 3.58184594e+05 -1.51087937e+05
2.48300000e+00 1.90616254e+05 -1.26931909e+05
2.86700000e+00 -1.68256058e+04 1.09016919e+05
3.51100000e+00 5.77071428e+05 4.39779194e+05
Wave direction
1.04720e+00
 Frequency          Fx                Fy
4.30000000e-02 1.94038972e+03 3.37625081e+03
4.40000000e-02 2.06801995e+03 3.59866525e+03
4.50000000e-02 2.20028752e+03 3.82924802e+03
4.60000000e-02 2.33767753e+03 4.06875974e+03
4.80000000e-02 2.63480355e+03 4.58672482e+03
4.90000000e-02 2.79838373e+03 4.87190699e+03
5.10000000e-02 3.13653455e+03 5.46149059e+03
5.20000000e-02 3.32699719e+03 5.79344041e+03
5.40000000e-02 3.72429873e+03 6.48599587e+03
5.60000000e-02 4.15195950e+03 7.23158881e+03
5.80000000e-02 4.71037540e+03 8.20488227e+03
6.00000000e-02 5.17276654e+03 9.00756350e+03
6.20000000e-02 5.64514226e+03 9.83343405e+03
6.50000000e-02 6.60057405e+03 1.14953798e+04
6.80000000e-02 7.59149640e+03 1.32194402e+04
7.00000000e-02 8.25025569e+03 1.43647643e+04
7.40000000e-02 1.02349544e+04 1.77860517e+04
7.70000000e-02 1.23414412e+04 2.14456741e+04
8.10000000e-02 1.33972888e+04 2.32935596e+04
8.50000000e-02 1.54660154e+04 2.68706716e+04
9.00000000e-02 1.85300254e+04 3.21513187e+04
9.50000000e-02 2.18174940e+04 3.78071094e+04
1.01000000e-01 2.62501038e+04 4.54036292e+04
1.08000000e-01 3.17896326e+04 5.48743286e+04
1.15000000e-01 3.78999860e+04 6.52845433e+04
1.24000000e-01 4.63610559e+04 7.96465309e+04
1.35000000e-01 5.72737425e+04 9.81713208e+04
1.47000000e-01 6.96120071e+04 1.19212254e+05
1.61000000e-01 8.43340342e+04 1.44628083e+05
1.79000000e-01 1.03828894e+05 1.79009949e+05
2.00000000e-01 1.28277028e+05 2.23056975e+05
2.28000000e-01 1.65490656e+05 2.90127570e+05
2.65000000e-01 2.20151408e+05 3.85958656e+05
3.15000000e-01 3.04658050e+05 5.31342063e+05
3.88000000e-01 3.98722704e+05 7.05639059e+05
5.01000000e-01 6.17768436e+05 1.06015069e+06
6.97000000e-01 8.57476225e+05 1.47691982e+06
7.54000000e-01 8.50786155e+05 1.49021604e+06
8.19000000e-01 8.80197888e+05 1.42928394e+06
8.95000000e-01 9.99918377e+05 1.67629843e+06
9.38000000e-01 1.02813996e+06 1.75104941e+06
9.85000000e-01 1.12368542e+06 1.77812616e+06
1.03700000e+00 1.18608481e+06 1.96790051e+06
1.09500000e+00 1.31218857e+06 2.13404475e+06
1.16000000e+00 1.42873312e+06 2.19141576e+06
1.23500000e+00 1.01195753e+06 3.11546828e+06
1.27800000e+00 1.19824303e+06 2.68817236e+06
1.32400000e+00 1.50038234e+06 1.87992534e+06
1.37500000e+00 1.89762338e+06 1.60259737e+06
1.43200000e+00 1.12863450e+06 2.89105651e+06
1.49600000e+00 1.18365019e+06 2.73431435e+06
1.57000000e+00 1.45757444e+06 1.47175392e+06
1.65500000e+00 6.68418520e+05 3.24717749e+06
1.75500000e+00 1.76308235e+06 1.81243019e+06
1.87700000e+00 1.70747419e+06 1.33624654e+06
2.02700000e+00 1.14524241e+06 8.44626424e+05
2.22100000e+00 -4.47230287e+05 3.61897735e+05
2.48300000e+00 -8.34290562e+05 -1.57810159e+05
2.86700000e+00 3.37016681e+05 -7.72177200e+05
3.51100000e+00 2.60461545e+05 3.97013590e+05
Wave direction
1.57080e+00
 Frequency          Fx                Fy
4.30000000e-02 -4.46104628e+01 3.17819336e+03
4.40000000e-02 -5.07201988e+01 3.48483183e+03
4.50000000e-02 -5.74053968e+01 3.80159902e+03
4.60000000e-02 -6.47364615e+01 4.13702706e+03
4.80000000e-02 -8.14503450e+01 4.86607456e+03
4.90000000e-02 -9.11716735e+01 5.27329439e+03
5.10000000e-02 -1.12866866e+02 6.13177334e+03
5.20000000e-02 -1.25266543e+02 6.61471226e+03
5.40000000e-02 -1.53119245e+02 7.64510270e+03
5.60000000e-02 -1.85023232e+02 8.76229686e+03
5.80000000e-02 -2.24520372e+02 1.01724687e+04
6.00000000e-02 -2.64814763e+02 1.15121834e+04
6.20000000e-02 -3.09507704e+02 1.27919092e+04
6.50000000e-02 -3.94068856e+02 1.54366897e+04
6.80000000e-02 -4.89607240e+02 1.82335177e+04
7.00000000e-02 -5.57725549e+02 2.01472411e+04
7.40000000e-02 -7.41061229e+02 2.59132109e+04
7.70000000e-02 -9.47173353e+02 3.18274555e+04
8.10000000e-02 -1.10061066e+03 3.53025272e+04
8.50000000e-02 -1.33411785e+03 4.16975318e+04
9.00000000e-02 -1.67358495e+03 5.13009603e+04
9.50000000e-02 -2.03518849e+03 6.18730165e+04
1.01000000e-01 -2.49888136e+03 7.64442723e+04
1.08000000e-01 -3.02934137e+03 9.52480186e+04
1.15000000e-01 -3.52739678e+03 1.16523240e+05
1.24000000e-01 -4.04851796e+03 1.46895510e+05
1.35000000e-01 -4.39694625e+03 1.87382964e+05
1.47000000e-01 -4.37516307e+03 2.34372261e+05
1.61000000e-01 -3.94424816e+03 2.90678283e+05
1.79000000e-01 -3.27634984e+03 3.61868240e+05
2.00000000e-01 -3.01524745e+03 4.39649833e+05
2.28000000e-01 -2.65969041e+03 5.32691983e+05
2.65000000e-01 9.58283165e+02 6.36634426e+05
3.15000000e-01 5.93355226e+03 9.31228230e+05
3.88000000e-01 3.53249055e+04 1.01231730e+06
5.01000000e-01 2.86910236e+04 1.31349110e+06
6.97000000e-01 -2.45325977e+03 2.23247341e+06
7.54000000e-01 -1.57090632e+04 2.42946314e+06
8.19000000e-01 -8.77312849e+03 2.42101635e+06
8.95000000e-01 -4.36679874e+04 2.12148889e+06
9.38000000e-01 1.47461585e+05 1.23458841e+06
9.85000000e-01 -1.38125160e+05 2.67510980e+06
1.03700000e+00 6.45477901e+04 2.00230312e+06
1.09500000e+00 9.53161968e+04 9.01298195e+05
1.16000000e+00 -1.59330869e+03 2.27327056e+06
1.23500000e+00 -7.47712037e+03 2.47635051e+06
1.27800000e+00 1.73656894e+04 1.64940046e+06
1.32400000e+00 -6.63154319e+03 1.85087174e+06
1.37500000e+00 8.04151978e+04 2.46481857e+06
1.43200000e+00 1.28234123e+05 1.69445069e+06
1.49600000e+00 -1.41881551e+04 1.22409569e+06
1.57000000e+00 -4.49367558e+04 2.41124166e+06
1.65500000e+00 -4.35300756e+04 1.61080298e+06
1.75500000e+00 1.84881376e+05 1.20167098e+06
1.87700000e+00 4.52986239e+04 2.23380652e+06
2.02700000e+00 -9.86949736e+04 8.72240016e+05
2.22100000e+00 1.66335845e+05 1.44743917e+06
2.48300000e+00 1.78359953e+05 6.29739901e+05
2.86700000e+00 -5.97195583e+04 4.65040470e+05
3.51100000e+00 -1.68620042e+04 -1.36810599e+05
