Wave frequency
4.30000e-02
Added masses
2.76439414e+07 1.71175855e-07 1.47752610e+07 3.39990664e-06 2.60784772e+10 -1.10811772e-05
-4.92524091e-06 4.03095755e+08 -3.99489030e-05 -2.71474529e+09 -4.34772506e-03 4.58456286e+09
3.67599880e+07 -2.39252690e-06 4.37690304e+09 1.20885569e-05 5.08653094e+10 -1.86365253e-04
-4.57413366e-05 -2.63583704e+09 -4.54831955e-04 6.61233355e+10 -3.84577292e-02 8.89941705e+10
2.17571087e+10 -2.23134614e-04 4.77389565e+10 -2.96572597e-03 2.39023884e+13 -4.84831724e-02
-3.02213924e-06 4.60727377e+09 1.24235107e-03 9.02608894e+10 -8.25245487e-03 2.04649489e+12
Wave frequency
4.40000e-02
Added masses
2.77750664e+07 2.59318737e-07 1.41850256e+07 -1.56342891e-06 2.61941304e+10 -1.92422020e-06
3.13343474e-06 4.05848950e+08 -3.14790398e-05 -2.73491777e+09 2.40888316e-03 4.59801232e+09
3.69030988e+07 2.64580277e-06 4.45855790e+09 9.62110098e-06 5.16294961e+10 3.38662754e-04
3.49666889e-05 -2.65104876e+09 -3.12685782e-04 6.62504304e+10 2.97253536e-02 8.90768068e+10
2.18539085e+10 1.34695414e-05 4.88202953e+10 1.23150093e-04 2.40044094e+13 2.36448178e-02
-1.46240735e-04 4.61929738e+09 2.16258297e-03 9.03383065e+10 -6.67473501e-02 2.05024014e+12
Wave frequency
4.50000e-02
Added masses
2.78765675e+07 4.32964391e-07 1.39294013e+07 3.50683192e-06 2.62870279e+10 -2.20757944e-05
-6.01389336e-06 4.07396675e+08 4.14496035e-05 -2.74624574e+09 -4.47977656e-03 4.61089893e+09
3.70155766e+07 2.06960572e-06 4.49799792e+09 4.04722897e-05 5.20330371e+10 -2.22137681e-04
-6.94467698e-05 -2.66068862e+09 4.13461232e-04 6.63268140e+10 -5.02445080e-02 8.91241650e+10
2.19278616e+10 -3.62410957e-04 4.93754230e+10 -3.94420859e-03 2.40800342e+13 1.69542101e-02
3.42634725e-05 4.63234102e+09 -1.98969594e-03 9.03870065e+10 1.74251603e-02 2.05264999e+12
Wave frequency
4.60000e-02
Added masses
2.79685010e+07 7.47883167e-07 1.41195061e+07 6.49196974e-06 2.63762355e+10 -2.64080125e-05
-3.65302243e-06 4.08786174e+08 -2.55827621e-05 -2.75629737e+09 -3.18942771e-03 4.62280704e+09
3.71031026e+07 2.20066771e-06 4.49616308e+09 1.40842733e-05 5.20604656e+10 -3.08093479e-04
-4.52787381e-05 -2.67114475e+09 -1.96739693e-04 6.64065581e+10 -3.53233575e-02 8.91495390e+10
2.19984353e+10 -5.88458545e-04 4.93089765e+10 -4.11260782e-03 2.41466197e+13 2.34362308e-02
1.26758460e-04 4.64454790e+09 2.42623615e-04 9.04170080e+10 8.45056400e-02 2.05470184e+12
Wave frequency
4.80000e-02
Added masses
2.82830283e+07 -2.36847579e-07 1.56893674e+07 -6.06329801e-07 2.66875790e+10 0.00000000e+00
-1.07919599e-05 4.11174046e+08 -6.57362559e-05 -2.77290305e+09 -8.93912026e-03 4.65211529e+09
3.74394027e+07 -2.12215430e-06 4.39704762e+09 -9.70127682e-06 5.14110955e+10 2.10194331e-05
-1.08646721e-04 -2.69527945e+09 -4.91935579e-04 6.65902095e+10 -9.01313292e-02 8.91048389e+10
2.22417397e+10 4.76979444e-05 4.77681288e+10 1.03480286e-03 2.43583423e+13 -3.97364299e-02
2.97505822e-04 4.67562085e+09 1.02975011e-03 9.03551224e+10 2.15032034e-01 2.05678524e+12
Wave frequency
4.90000e-02
Added masses
2.82309944e+07 -3.33342498e-07 1.58620426e+07 -6.01228651e-06 2.66407210e+10 4.03405030e-05
-3.91942594e-06 4.12616567e+08 -4.46072870e-06 -2.78334988e+09 -3.55074004e-03 4.65596832e+09
3.73378796e+07 -3.68494980e-06 4.37537565e+09 -4.34436186e-05 5.11319118e+10 3.49100507e-06
-4.76497949e-05 -2.70440951e+09 3.84010558e-05 6.66679294e+10 -3.78828355e-02 8.92589415e+10
2.22017894e+10 5.32184328e-04 4.74205871e+10 7.34817778e-03 2.43220796e+13 -2.38319279e-02
4.71285684e-05 4.67845488e+09 -3.80131663e-04 9.05218292e+10 2.64137201e-02 2.06091038e+12
Wave frequency
5.10000e-02
Added masses
2.84466990e+07 -3.35684319e-07 1.74361297e+07 -3.22256946e-06 2.68667777e+10 -1.14580248e-05
-4.97582069e-06 4.13735528e+08 -8.21755213e-05 -2.79113426e+09 -4.53308104e-03 4.68313870e+09
3.76781754e+07 -4.65482256e-06 4.26767537e+09 -2.29160495e-05 5.04465748e+10 -2.80721606e-04
-6.38135890e-05 -2.71133030e+09 -6.55255791e-04 6.67283871e+10 -5.15267373e-02 8.92606359e+10
2.23951576e+10 2.86450619e-05 4.59543865e+10 1.55829137e-03 2.44960717e+13 -3.88656200e-02
-6.15868831e-05 4.70745368e+09 9.05900082e-05 9.04842986e+10 -5.49985188e-02 2.06135756e+12
Wave frequency
5.20000e-02
Added masses
2.84078946e+07 8.34151945e-08 1.79029873e+07 -9.47166080e-07 2.68345496e+10 8.26617670e-06
-7.34928226e-07 4.15349881e+08 -4.26224736e-05 -2.80249697e+09 -6.36667818e-04 4.68564067e+09
3.75317424e+07 8.61060073e-07 4.21976620e+09 2.75539223e-06 4.98906625e+10 1.35014219e-04
-2.08376538e-05 -2.72465316e+09 -4.21575012e-04 6.68353015e+10 -1.42839533e-02 8.93829304e+10
2.23618367e+10 5.37301485e-05 4.51370314e+10 -6.61294136e-04 2.44606435e+13 2.82152165e-03
-4.58083959e-05 4.70899919e+09 -4.40862757e-04 9.06238574e+10 -3.26238440e-02 2.06539364e+12
Wave frequency
5.40000e-02
Added masses
2.83640368e+07 -1.36736103e-06 1.89660836e+07 -1.39730325e-05 2.68079408e+10 -2.55506879e-06
-3.78956126e-07 4.17098240e+08 7.96462850e-05 -2.81499359e+09 7.16377413e-04 4.69948484e+09
3.75261041e+07 -3.99229499e-06 4.12236777e+09 -9.19824765e-05 4.90396588e+10 4.29251557e-04
7.12624655e-06 -2.72965358e+09 7.32027209e-04 6.68891156e+10 1.46558746e-02 8.96158860e+10
2.23401395e+10 9.60705866e-04 4.38008405e+10 1.32454766e-02 2.44371664e+13 1.04655618e-02
5.42952118e-05 4.72251848e+09 1.11145492e-04 9.08618562e+10 4.05540519e-02 2.07092583e+12
Wave frequency
5.60000e-02
Added masses
2.83110080e+07 -2.69136187e-07 1.99381190e+07 -1.41064484e-06 2.67749630e+10 1.18791145e-06
-5.47610936e-06 4.17913279e+08 -7.39103654e-05 -2.82034650e+09 -4.22317368e-03 4.70925149e+09
3.73912475e+07 -1.48488931e-06 4.02433540e+09 -7.12746868e-06 4.80821017e+10 -3.62312991e-05
-6.79336859e-05 -2.74146985e+09 -6.48599650e-04 6.69809007e+10 -5.57653150e-02 8.97691041e+10
2.23087865e+10 9.44389601e-05 4.23855343e+10 1.59655299e-03 2.44039877e+13 6.08210661e-03
-6.59290853e-05 4.73336253e+09 1.14336477e-04 9.10417155e+10 -5.51951175e-02 2.07505070e+12
Wave frequency
5.80000e-02
Added masses
2.62074827e+07 4.32577742e-09 1.59244814e+07 2.76849755e-07 2.46572274e+10 -4.42959607e-06
-1.07446904e-05 4.27269543e+08 1.45346121e-06 -2.87804621e+09 -8.15640905e-03 4.71874724e+09
3.47332617e+07 2.49164779e-06 3.96206616e+09 5.31551529e-05 4.59648156e+10 5.50377312e-04
-1.12245272e-04 -2.95732486e+09 2.15942809e-04 6.88930134e+10 -8.48001872e-02 9.42960298e+10
2.03898112e+10 -1.14892648e-04 4.23302695e+10 -3.75629747e-03 2.25056863e+13 -2.04115787e-02
-4.63446489e-04 4.74108541e+09 1.34479768e-03 9.57079164e+10 -3.53233709e-01 2.18109476e+12
Wave frequency
6.00000e-02
Added masses
2.84675866e+07 -6.81110477e-07 2.33152618e+07 -6.98491931e-06 2.69836672e+10 3.10440858e-06
-1.35868403e-05 4.24674291e+08 -1.09074689e-04 -2.87108857e+09 -1.13528222e-02 4.68018505e+09
3.68268692e+07 -2.58700715e-06 3.79629756e+09 0.00000000e+00 4.53065662e+10 2.64909532e-04
-1.48898430e-04 -2.76784117e+09 -7.27466411e-04 6.71449263e+10 -1.25649903e-01 8.93814922e+10
2.25441825e+10 5.01361986e-04 3.80104103e+10 6.55651093e-03 2.46380965e+13 -5.29819065e-03
-5.96563849e-04 4.69035313e+09 3.08888654e-04 9.07209245e+10 -4.86638811e-01 2.06922508e+12
Wave frequency
6.20000e-02
Added masses
2.85780778e+07 -9.97510318e-07 2.48254290e+07 -1.10842892e-05 2.71071597e+10 1.35676546e-05
2.55813130e-06 4.19201581e+08 8.87954536e-05 -2.82837769e+09 2.95023803e-03 4.75792591e+09
3.76673313e+07 -5.33015001e-06 3.63848204e+09 1.93823637e-06 4.49026743e+10 2.20958946e-04
4.15812271e-05 -2.75259477e+09 7.88377643e-04 6.70598853e+10 4.35405418e-02 8.97885593e+10
2.25982203e+10 6.57062129e-04 3.67377282e+10 9.17948744e-03 2.46553082e+13 -3.47331957e-02
-4.11875228e-05 4.78748495e+09 2.70141694e-05 9.10529134e+10 -3.91988923e-02 2.07630912e+12
Wave frequency
6.50000e-02
Added masses
2.80354406e+07 2.59351294e-06 2.54855097e+07 2.93173734e-05 2.66031908e+10 5.29035309e-05
9.99088002e-06 4.23740039e+08 4.00634031e-05 -2.86030172e+09 7.26982687e-03 4.75785510e+09
3.69266841e+07 1.50995494e-05 3.50941333e+09 1.93979613e-04 4.32113155e+10 7.44176334e-04
1.10945868e-04 -2.78376967e+09 1.43721259e-04 6.73666610e+10 8.48572635e-02 9.08412128e+10
2.21910900e+10 -1.94376390e-03 3.48809010e+10 -2.62401513e-02 2.42726104e+13 -2.25721732e-02
1.66866554e-04 4.78169617e+09 1.78053446e-03 9.21274315e+10 1.38818865e-01 2.09876442e+12
Wave frequency
6.80000e-02
Added masses
2.79250568e+07 -3.74497818e-07 2.75988745e+07 -5.43808597e-06 2.65350020e+10 0.00000000e+00
1.83708489e-07 4.23956640e+08 -5.15611114e-05 -2.86075300e+09 1.81269532e-06 4.77295334e+09
3.67705211e+07 -2.41692710e-06 3.31455093e+09 -5.15611114e-05 4.14102489e+10 -3.89930905e-04
-7.06195886e-06 -2.78738125e+09 -5.00303909e-04 6.74051574e+10 -5.95530837e-03 9.11332328e+10
2.21388386e+10 -1.65156685e-05 3.20629438e+10 3.09366668e-04 2.42142475e+13 4.94986669e-03
-4.06849395e-05 4.79895972e+09 1.01108117e-04 9.24484406e+10 -3.71240002e-02 2.10466898e+12
Wave frequency
7.00000e-02
Added masses
2.85780416e+07 8.10749563e-07 3.17514234e+07 1.02635549e-05 2.72142244e+10 3.34515864e-05
2.09666370e-06 4.22256415e+08 2.55638543e-05 -2.84748275e+09 1.75905927e-03 4.81446790e+09
3.76381751e+07 1.42549374e-06 3.06525560e+09 7.60263326e-06 3.98726622e+10 1.21642132e-05
2.16675048e-05 -2.77397391e+09 2.17435311e-04 6.72754889e+10 1.99493097e-02 9.04947950e+10
2.27201151e+10 -3.36796654e-04 2.81788692e+10 -2.91941117e-03 2.47347422e+13 -1.40131736e-02
8.36289659e-05 4.84823123e+09 1.55692426e-03 9.16979626e+10 7.90187291e-02 2.09037261e+12
Wave frequency
7.40000e-02
Added masses
2.78342661e+07 3.81336712e-07 3.96113590e+07 2.97628653e-06 2.65420352e+10 1.76876457e-05
6.22694948e-06 4.41145543e+08 2.19990093e-04 -2.98025676e+09 5.55239008e-03 4.81664421e+09
3.61394452e+07 5.99509145e-06 2.36631141e+09 6.66688183e-05 3.24955289e+10 -1.55107047e-04
1.02936996e-04 -2.95158377e+09 1.64495105e-03 6.88237835e+10 8.69470238e-02 9.30866119e+10
2.21189057e+10 -4.55797023e-04 1.73892414e+10 -5.48589134e-03 2.40650209e+13 -6.26959010e-03
5.68045544e-05 4.82897021e+09 3.51439914e-03 9.42547516e+10 5.88644848e-02 2.15424114e+12
Wave frequency
7.70000e-02
Added masses
2.14991170e+07 9.57201373e-07 -5.07787664e+06 7.30418278e-06 2.01914885e+10 2.51326719e-05
-2.76483935e-06 4.46668508e+08 -8.56081638e-06 -3.02883413e+09 -1.36313329e-03 4.47564805e+09
2.84193223e+07 4.39821759e-06 5.24912683e+09 6.03184127e-05 5.20419341e+10 -5.21502943e-05
-5.93563026e-05 -2.81588847e+09 3.93326316e-04 6.82000883e+10 -3.24915183e-02 1.00786277e+11
1.73177268e+10 -9.28652228e-04 6.14708166e+10 -1.23451685e-02 2.01329324e+13 -3.02396309e-02
5.46635615e-05 4.43843974e+09 -1.07363633e-03 1.02331637e+11 5.53320905e-02 2.27840702e+12
Wave frequency
8.10000e-02
Added masses
2.53919725e+07 -6.35440285e-07 2.18916058e+07 -7.73618051e-06 2.41842959e+10 -2.27117226e-05
1.39342185e-06 4.25613055e+08 -2.27117226e-06 -2.87046861e+09 1.21578690e-03 4.71764256e+09
3.35597900e+07 -3.40675839e-06 3.43349997e+09 -8.17622013e-05 4.00586301e+10 -2.88438877e-04
2.16293671e-05 -2.75088611e+09 -9.59570280e-05 6.73318536e+10 1.61707465e-02 9.48671740e+10
2.04178381e+10 4.61047969e-04 3.48012214e+10 3.74289188e-03 2.27596695e+13 1.86054431e-02
3.40675839e-05 4.72961604e+09 -5.49481739e-04 9.62928514e+10 3.77923064e-02 2.16500819e+12
Wave frequency
8.50000e-02
Added masses
2.54733982e+07 -2.51763239e-08 2.62614361e+07 -2.32025001e-06 2.43318194e+10 1.03122223e-06
3.40988131e-06 4.23019310e+08 1.45982397e-05 -2.84888133e+09 3.13568899e-03 4.73565286e+09
3.35212336e+07 5.15611114e-07 3.08204898e+09 -5.56860003e-05 3.69681000e+10 2.26868890e-05
4.05882624e-05 -2.75047709e+09 6.44513892e-05 6.73248570e+10 3.35270971e-02 9.49944561e+10
2.05526276e+10 -1.86135612e-04 2.94156977e+10 -1.64995556e-03 2.28573472e+13 -5.27985781e-03
7.50214171e-05 4.75318177e+09 4.34531266e-04 9.64427461e+10 9.13415401e-02 2.16592306e+12
Wave frequency
9.00000e-02
Added masses
2.47776714e+07 2.29956191e-07 2.77724025e+07 5.40397049e-06 2.37202175e+10 2.02361448e-05
-2.12439997e-07 4.21751164e+08 5.76615150e-05 -2.83715726e+09 -6.47786591e-04 4.71847426e+09
3.25980365e+07 5.92137193e-06 2.86360119e+09 3.86326401e-05 3.44121004e+10 2.75947430e-04
2.41885169e-05 -2.74031140e+09 2.52951810e-04 6.73232598e+10 1.28481123e-02 9.63655395e+10
2.01057064e+10 -5.06363533e-04 2.63042612e+10 -5.88687850e-03 2.24495631e+13 -1.69542101e-02
8.55437031e-05 4.73390461e+09 2.31151963e-03 9.78531864e+10 4.02662489e-02 2.18781426e+12
Wave frequency
9.50000e-02
Added masses
2.41494392e+07 1.66077260e-07 2.91033235e+07 -8.77145915e-07 2.31767999e+10 1.48598837e-05
1.94052410e-06 4.17743014e+08 4.33413276e-05 -2.80537649e+09 1.25586656e-03 4.69482836e+09
3.17166059e+07 -3.40539002e-06 2.66958501e+09 3.79752584e-05 3.21062081e+10 3.08755362e-04
2.00195656e-05 -2.71237175e+09 9.82403425e-05 6.71569444e+10 1.63524765e-02 9.74717075e+10
1.97174103e+10 -2.23723805e-04 2.35225352e+10 -2.53608682e-03 2.21012076e+13 -4.81856497e-02
1.63458721e-04 4.71043576e+09 2.67983556e-03 9.90243211e+10 9.84847050e-02 2.20306980e+12
Wave frequency
1.01000e-01
Added masses
2.31870872e+07 2.71751774e-07 2.97629279e+07 -3.83448173e-06 2.23145502e+10 4.67441582e-05
-8.89077656e-07 4.12651376e+08 -4.84331561e-05 -2.76493116e+09 -4.14306621e-04 4.64937238e+09
3.04226516e+07 3.19540144e-06 2.48311671e+09 1.02252846e-05 2.95953540e+10 7.30377472e-05
-1.83621461e-05 -2.67514852e+09 -5.91605753e-05 6.69627060e+10 -1.32753409e-02 9.92618363e+10
1.90913586e+10 -4.59772619e-04 2.09772910e+10 -3.73953266e-04 2.15407073e+13 -6.58157748e-02
-1.32563511e-04 4.66255559e+09 -2.40257670e-03 1.00881880e+11 -1.30135737e-01 2.22873483e+12
Wave frequency
1.08000e-01
Added masses
2.21758680e+07 -7.95340017e-07 3.06404652e+07 -2.55506879e-06 2.14200284e+10 -7.66520638e-05
-2.82922717e-06 4.03501466e+08 3.31759713e-05 -2.69439373e+09 -2.75196878e-03 4.58855396e+09
2.90583242e+07 -6.10821133e-06 2.27105407e+09 -2.68282223e-05 2.68582511e+10 -6.18326648e-04
3.77271876e-06 -2.61098697e+09 1.62246868e-04 6.65569893e+10 2.43242549e-03 1.01095738e+11
1.84555898e+10 3.81024634e-04 1.80760528e+10 -7.35859812e-04 2.09784242e+13 5.62523945e-02
-1.73425294e-04 4.60077095e+09 2.01946250e-03 1.02816119e+11 -1.55184658e-01 2.25144488e+12
Wave frequency
1.15000e-01
Added masses
2.09324032e+07 1.08933052e-07 3.03232784e+07 -1.05632050e-06 2.02883115e+10 -1.46476443e-05
9.51898818e-06 3.93126698e+08 -1.54856585e-04 -2.61501378e+09 8.41817018e-03 4.50467814e+09
2.74685599e+07 -5.28160250e-06 2.11418184e+09 -8.22521563e-05 2.44914022e+10 -1.31828798e-04
-7.53860731e-05 -2.53254553e+09 -2.90136031e-04 6.60655368e+10 -5.63551212e-02 1.03370863e+11
1.76346490e+10 -7.54917051e-05 1.61950100e+10 -9.73504973e-04 2.02524914e+13 1.15378367e-02
2.04785334e-04 4.51368958e+09 -1.08092573e-02 1.05190606e+11 2.75177406e-01 2.28067803e+12
Wave frequency
1.24000e-01
Added masses
1.94204368e+07 4.76987856e-07 3.01060381e+07 -3.27077387e-06 1.89078244e+10 8.33441638e-05
-2.78905399e-06 3.78006146e+08 2.66507501e-05 -2.49949914e+09 -2.28663435e-03 4.38390042e+09
2.55339117e+07 4.39131677e-06 1.90786402e+09 1.25985364e-05 2.15390437e+10 4.26412001e-05
2.73927312e-05 -2.42144165e+09 -2.82497951e-04 6.53601526e+10 2.44838018e-02 1.06338318e+11
1.66325428e+10 -6.34772410e-04 1.37115593e+10 2.20183651e-03 1.93598316e+13 -4.91226625e-02
-8.01945297e-05 4.38872253e+09 2.02388219e-03 1.08259235e+11 -8.53444237e-02 2.31815115e+12
Wave frequency
1.35000e-01
Added masses
1.75367570e+07 2.13587782e-07 2.88580262e+07 8.68723389e-07 1.71659089e+10 1.22643302e-05
4.63505448e-07 3.56254676e+08 2.33022274e-05 -2.33470667e+09 -1.07415092e-04 4.21416776e+09
2.31930165e+07 1.68634540e-06 1.71049724e+09 -3.59753686e-05 1.85383407e+10 -2.06040747e-04
1.48193990e-06 -2.26213501e+09 1.03020374e-04 6.43088889e+10 2.61639044e-05 1.09878918e+11
1.53566777e+10 2.81670784e-04 1.17560791e+10 4.00307738e-03 1.82222990e+13 -2.17683685e-02
2.00726204e-04 4.21394482e+09 1.09643112e-03 1.11950259e+11 1.44424752e-01 2.36170244e+12
Wave frequency
1.47000e-01
Added masses
1.55743405e+07 -1.42091449e-07 2.70298960e+07 2.67212734e-06 1.53292365e+10 -2.20665999e-05
-4.26442701e-06 3.30366556e+08 2.17218093e-05 -2.13978301e+09 -3.78399090e-03 4.01743640e+09
2.08540459e+07 1.33606367e-06 1.53136845e+09 3.99957124e-05 1.58388133e+10 -3.68236387e-04
4.16981161e-05 -2.07411559e+09 -1.69981778e-04 6.30207457e+10 3.56596255e-02 1.13323963e+11
1.39958730e+10 4.79086572e-04 1.03378685e+10 -5.56078319e-03 1.69999479e+13 4.16617407e-02
-4.45469486e-04 4.01223107e+09 2.38767507e-03 1.15544493e+11 -4.38684007e-01 2.40313408e+12
Wave frequency
1.61000e-01
Added masses
1.34335016e+07 -5.05255341e-08 2.44761999e+07 -1.36531221e-06 1.32935435e+10 1.03476294e-05
-1.43296029e-06 2.99232983e+08 2.44319027e-06 -1.90648550e+09 -9.87048870e-04 3.78734352e+09
1.84400697e+07 3.23363419e-07 1.36543209e+09 -4.59894640e-05 1.33753280e+10 -2.82835203e-04
2.94620004e-06 -1.84789085e+09 5.92114349e-05 6.14120895e+10 1.83957856e-04 1.16326452e+11
1.24621804e+10 -1.00027084e-04 9.47156758e+09 8.09414566e-04 1.56032211e+13 4.70932111e-03
-1.90856275e-04 3.77744021e+09 1.42567338e-04 1.18677488e+11 -1.40102303e-01 2.43775065e+12
Wave frequency
1.79000e-01
Added masses
1.10176990e+07 -1.41472538e-07 2.11166923e+07 -1.01733061e-06 1.09444408e+10 -4.65065422e-05
5.93594245e-07 2.60835719e+08 -3.02292524e-06 -1.61985398e+09 9.80357910e-04 3.51861018e+09
1.59692202e+07 -3.66239020e-06 1.20851469e+09 -1.13475963e-04 1.11546196e+10 -3.81353646e-04
-1.39955626e-05 -1.57084665e+09 -1.86026169e-06 5.93304084e+10 -8.43814702e-03 1.17771959e+11
1.06377911e+10 4.59019572e-04 9.10401351e+09 3.42288151e-03 1.38999464e+13 4.14317483e-02
1.41379888e-04 3.50518469e+09 -9.81288041e-04 1.20188672e+11 2.05968174e-01 2.44924107e+12
Wave frequency
2.00000e-01
Added masses
8.70671366e+06 1.04773790e-07 1.76880787e+07 6.05359674e-07 8.61562678e+09 2.23517418e-05
-1.90339051e-06 2.21414803e+08 -1.02445483e-06 -1.32676823e+09 -1.20028853e-03 3.26559435e+09
1.39410943e+07 -1.51339918e-07 1.09179804e+09 3.87430191e-05 9.52198995e+09 2.02655792e-04
8.98726285e-06 -1.28722649e+09 5.92321157e-05 5.69925131e+10 1.01804733e-02 1.15303695e+11
8.73665635e+09 -2.35252082e-04 9.08217171e+09 3.07559967e-03 1.20503023e+13 -3.05175781e-02
-2.52574682e-04 3.25181786e+09 7.38631934e-04 1.17632869e+11 -2.04658508e-01 2.40207779e+12
Wave frequency
2.28000e-01
Added masses
6.49835119e+06 2.21705080e-07 1.45789695e+07 1.84530289e-06 6.24447519e+09 2.40785153e-05
1.53961861e-08 1.80064655e+08 -4.12057926e-07 -1.02211027e+09 5.86913811e-05 3.03395857e+09
1.25028757e+07 -5.43737306e-06 1.01715370e+09 -1.07206723e-04 8.41290119e+09 -7.68219298e-05
-6.14503776e-06 -9.91310280e+08 1.64823170e-04 5.42777839e+10 -4.34789191e-03 1.05729591e+11
6.62893830e+09 -7.28088439e-05 9.00361342e+09 2.02718167e-03 9.84799032e+12 8.80585703e-03
1.06060127e-05 3.02499407e+09 5.13101695e-05 1.07688582e+11 3.81587138e-02 2.23606940e+12
Wave frequency
2.65000e-01
Added masses
4.93899820e+06 -1.07753591e-07 1.33988556e+07 -1.98929706e-06 4.37155986e+09 -7.00232566e-06
-2.40373395e-08 1.43260794e+08 3.70009254e-06 -7.54323031e+08 -4.57273085e-04 2.86972685e+09
1.22048345e+07 -1.98929706e-07 9.79997506e+08 -4.07408038e-05 7.96120706e+09 1.62114449e-04
-1.01586770e-05 -7.31345021e+08 6.83257231e-05 5.16907331e+10 -1.01852010e-02 8.86482840e+10
4.69488615e+09 -1.00154476e-04 8.24318241e+09 -2.00987966e-03 7.55254607e+12 -4.56297003e-03
-4.54090209e-05 2.86865105e+09 5.10851486e-04 8.99391076e+10 -1.25155749e-01 1.91103073e+12
Wave frequency
3.15000e-01
Added masses
4.32577270e+06 -3.49920582e-07 1.41790689e+07 -4.58973786e-06 3.55544831e+09 -6.68280850e-05
4.94523136e-07 1.14612692e+08 -9.91158114e-06 -5.50081764e+08 1.25599256e-03 2.74839738e+09
1.26656258e+07 -7.64956310e-06 9.71284382e+08 -1.23744589e-04 8.21763439e+09 -3.19273053e-04
-9.94912501e-07 -5.33547833e+08 -1.53178981e-05 5.02171854e+10 6.63174884e-04 7.33471222e+10
3.60049821e+09 3.98265351e-04 7.37106487e+09 -1.82613374e-04 5.88982874e+12 5.79749406e-02
4.37010623e-05 2.74914046e+09 -1.85624392e-03 7.40107439e+10 1.53318344e-01 1.51338316e+12
Wave frequency
3.88000e-01
Added masses
3.73550560e+06 -1.11238867e-06 1.37463137e+07 -7.05247459e-07 3.21291831e+09 -1.60647948e-04
9.33756916e-08 8.85493890e+07 2.25184276e-06 -3.74568333e+08 -1.99003511e-04 2.49204679e+09
1.16122264e+07 -3.02514042e-06 9.39454946e+08 4.98869782e-05 7.77220587e+09 -4.92930856e-04
9.09398040e-06 -3.64113106e+08 6.17648301e-05 4.95012903e+10 6.52490000e-04 7.10869145e+10
3.35292752e+09 5.14113025e-04 7.13944322e+09 3.28145456e-03 5.31556385e+12 1.15345028e-01
-1.82127063e-05 2.48509308e+09 -4.91941035e-05 7.15104648e+10 -6.46661934e-02 1.22612402e+12
Wave frequency
5.01000e-01
Added masses
2.99915539e+06 -8.70560512e-07 1.16011212e+07 -6.93851106e-06 2.71293413e+09 -1.58984664e-04
2.03215817e-06 6.42862563e+07 -4.86066818e-06 -2.30189274e+08 1.24219384e-03 1.97854775e+09
1.05551038e+07 -1.92942554e-07 9.10673572e+08 4.41690030e-05 7.43088338e+09 -9.82879051e-04
2.13795191e-05 -2.21933714e+08 -4.51188741e-05 4.60476376e+10 1.39821016e-02 5.79490903e+10
2.88302021e+09 1.05079483e-03 7.33529926e+09 7.96371874e-03 4.83953043e+12 1.34957676e-01
3.17494393e-04 1.97961596e+09 -1.30524153e-03 5.82140028e+10 1.74411520e-01 9.75633499e+11
Wave frequency
6.97000e-01
Added masses
2.52992222e+06 3.87724375e-07 9.99471791e+06 6.70969252e-07 2.49036850e+09 5.45977265e-05
9.28932966e-07 4.32307755e+07 -1.43779125e-06 -1.72150625e+08 2.18513598e-04 1.18451044e+09
9.48467890e+06 4.22518923e-06 9.14350979e+08 -1.11894666e-04 7.37964385e+09 2.91024286e-04
1.16326898e-05 -1.67433288e+08 -8.09764034e-05 4.34795780e+10 3.15660743e-03 3.99134525e+10
2.58007839e+09 -2.91024286e-04 7.33315262e+09 -4.12243508e-04 4.44447079e+12 -7.10472240e-02
1.72749661e-04 1.18325074e+09 -2.05140222e-04 4.00871701e+10 2.83937624e-02 7.02708280e+11
Wave frequency
7.54000e-01
Added masses
2.49572265e+06 6.79838155e-07 9.88203271e+06 2.80126083e-06 2.49441281e+09 1.15746132e-04
2.36978373e-06 3.94107084e+07 1.27449177e-06 -1.77477563e+08 1.11552431e-04 9.69632075e+08
9.36766499e+06 1.94613910e-06 9.33422056e+08 6.70992068e-05 7.51015955e+09 4.91082320e-04
2.79274238e-05 -1.73319973e+08 7.71640878e-05 4.30036343e+10 -1.14068652e-03 3.57373313e+10
2.58310162e+09 -5.42874520e-04 7.42720690e+09 -5.85105083e-03 4.42650741e+12 -1.06714579e-01
4.44741930e-04 9.68457129e+08 8.12529457e-05 3.58592234e+10 2.27600509e-02 6.43965974e+11
Wave frequency
8.19000e-01
Added masses
2.48622008e+06 -5.69267229e-07 9.83278566e+06 -2.47145285e-06 2.52062335e+09 -1.42888851e-04
2.14759533e-06 3.58759116e+07 -4.68187584e-06 -1.93601070e+08 9.99955376e-04 7.37628981e+08
9.30172645e+06 -4.57635314e-06 9.70703862e+08 -1.45021521e-04 7.81080701e+09 -7.52476861e-04
2.65306298e-05 -1.90283811e+08 -6.25583031e-05 4.25011610e+10 1.64869564e-02 3.08480565e+10
2.62550766e+09 7.11245252e-04 7.66816637e+09 7.39325400e-04 4.44077489e+12 3.77624666e-02
3.94010676e-04 7.37225468e+08 -9.19802550e-04 3.09644192e+10 2.00095576e-01 5.83228167e+11
Wave frequency
8.95000e-01
Added masses
2.43573053e+06 -7.49917993e-08 8.65356415e+06 1.24172468e-06 2.46509034e+09 -3.49729198e-06
-8.12745425e-06 3.28286900e+07 9.46873200e-06 -2.18541759e+08 -1.56604270e-03 4.98722817e+08
8.96725050e+06 -2.33276816e-05 7.86367645e+08 2.94070168e-04 6.45208306e+09 -2.07158742e-04
-1.16963954e-04 -2.13469471e+08 2.39006422e-04 4.20753700e+10 -2.14921242e-02 2.63568289e+10
2.43949941e+09 1.44058665e-04 6.62270395e+09 1.58631211e-02 4.19060738e+12 6.13380366e-02
-1.67066382e-03 4.98838586e+08 1.64387605e-03 2.64269324e+10 -3.23339079e-01 5.23343251e+11
Wave frequency
9.38000e-01
Added masses
2.49159801e+06 2.14771426e-06 9.15401351e+06 2.26965447e-05 2.49509195e+09 1.79658574e-04
-1.89009969e-07 3.14095103e+07 -1.53272067e-06 -2.34568747e+08 -5.31794797e-05 3.78991361e+08
8.97607184e+06 1.45921783e-04 8.90700900e+08 1.71800205e-04 7.94433678e+09 -4.97732832e-03
5.50424551e-08 -2.29791148e+08 -1.89684768e-05 4.18390951e+10 6.51648473e-03 2.41189437e+10
2.54208682e+09 3.24550639e-03 7.25497469e+09 2.99073265e-02 4.17148051e+12 -1.97081390e-01
-9.61972754e-06 3.79393854e+08 1.80200530e-05 2.41773025e+10 1.60245692e-02 4.94267888e+11
Wave frequency
9.85000e-01
Added masses
2.53182068e+06 -3.60299857e-06 7.70233431e+06 -4.35297133e-05 2.66182404e+09 -1.38349002e-04
-2.10770857e-06 3.02339623e+07 1.68635883e-05 -2.52661730e+08 -3.38070407e-03 2.64336372e+08
9.81387068e+06 -1.07539932e-04 9.16743460e+08 -2.27010316e-03 1.00134431e+10 -4.62105324e-03
-2.78295283e-05 -2.46835255e+08 5.44549534e-04 4.15190910e+10 -5.70184645e-02 2.20900260e+10
2.79992744e+09 -8.15816786e-03 9.42652966e+09 -6.34351060e-02 4.95965004e+12 -1.25313233e-01
-5.22187617e-04 2.64525850e+08 3.54006344e-03 2.21212927e+10 -7.00923715e-01 4.66950332e+11
Wave frequency
1.03700e+00
Added masses
2.62740826e+06 1.03741881e-05 1.11578594e+07 -3.49883919e-07 2.64811712e+09 7.27869406e-04
-2.82115561e-06 2.93199921e+07 5.50460938e-06 -2.70291027e+08 -1.47314294e-03 1.58555040e+08
1.38078997e+07 3.44860833e-04 9.87929647e+08 -9.91480957e-04 1.01991246e+10 2.39316721e-02
-4.64133143e-05 -2.62526245e+08 3.90207175e-04 4.08254237e+10 -2.62290168e-02 2.02551281e+10
2.78686373e+09 1.06353626e-03 8.20891839e+09 -1.97090097e-02 4.74083878e+12 -6.31142368e-02
-6.34585503e-04 1.58891749e+08 1.51393733e-03 2.02681540e+10 -3.48944540e-01 4.42546208e+11
Wave frequency
1.09500e+00
Added masses
2.63169228e+06 5.63908333e-07 1.20608499e+07 4.29626690e-05 2.73480691e+09 4.79213341e-05
2.67060307e-06 2.93087789e+07 -6.87253572e-06 -2.31939873e+08 2.42092217e-03 7.32384704e+07
9.12046812e+06 -2.20467963e-05 1.13828592e+09 5.24947394e-05 7.39822295e+09 1.21940905e-03
3.57856539e-05 -1.91167353e+08 -1.17317789e-05 3.35850237e+10 -6.37572471e-03 1.82838126e+10
2.85741990e+09 -6.12040939e-04 9.50887594e+09 3.34502842e-02 4.82217593e+12 -2.26522754e-01
5.47317311e-04 7.09957938e+07 -2.31911419e-03 1.81588604e+10 3.56429736e-01 4.23244167e+11
Wave frequency
1.16000e+00
Added masses
2.82193231e+06 8.13938279e-07 1.08422282e+07 -1.11404341e-05 2.84255939e+09 8.29220385e-05
1.57899527e-06 2.76152796e+07 -1.10739902e-08 -3.68902403e+08 6.05614375e-04 2.24519870e+07
1.02434518e+07 1.70428709e-05 1.00019461e+09 -1.34659721e-05 7.57983057e+09 5.35981125e-04
2.79175293e-05 -3.66957976e+08 -4.71309022e-05 4.49185466e+10 -1.20881905e-02 1.78785539e+10
2.92174123e+09 1.47310647e-03 9.19632731e+09 -7.46156600e-03 4.79967741e+12 2.38497957e-01
4.44642854e-04 -2.65416152e+07 -2.53620953e-03 1.84051001e+10 1.21471573e-01 4.04059344e+11
Wave frequency
1.23500e+00
Added masses
2.76047843e+06 2.47603668e-07 9.29387174e+06 7.21012110e-06 2.91881526e+09 3.97826736e-05
1.77230492e-06 2.75961792e+07 1.50748196e-05 -3.85526797e+08 -8.35045354e-04 -1.57526279e+08
9.96007376e+06 2.00281142e-06 1.06002017e+09 1.00042873e-05 8.26056250e+09 4.75047329e-04
5.37339649e-06 -3.73370723e+08 -3.68908093e-04 4.33605821e+10 2.36651416e-02 1.90183560e+10
2.85905475e+09 -6.40587020e-04 7.52968095e+09 9.90424440e-04 4.89074520e+12 -1.08846646e-01
2.52764571e-04 -5.04794786e+07 -9.19300211e-04 1.75129842e+10 9.52408149e-02 3.99921588e+11
Wave frequency
1.27800e+00
Added masses
1.95855734e+06 1.92304913e-06 5.26440643e+06 1.98525956e-05 2.29168410e+09 1.11232925e-04
-2.24108639e-06 2.88111814e+07 2.08789821e-05 -4.03059496e+08 -3.24283391e-04 -1.27574187e+08
6.42815421e+06 1.24626129e-05 9.78162970e+08 4.96314890e-04 5.09297513e+09 9.10153923e-04
-3.24794303e-05 -3.97980414e+08 -2.13415403e-04 4.31253547e+10 -9.47786270e-03 1.81714020e+10
2.11661327e+09 1.13422550e-04 4.05930859e+09 6.63310253e-04 4.30040617e+12 -2.05682233e-01
-4.47997176e-04 -5.23125976e+07 -5.96453718e-04 1.70056281e+10 -6.83489833e-02 3.99085732e+11
Wave frequency
1.32400e+00
Added masses
2.93075173e+06 1.58268564e-06 1.10322658e+07 -7.65044420e-06 2.95885177e+09 -2.17000600e-04
-1.96374683e-06 2.93418192e+07 4.37775418e-06 -4.18175998e+08 -1.40754573e-03 -1.08577832e+08
1.02018019e+07 2.18972714e-05 1.10285028e+09 3.60692943e-04 8.13151846e+09 -1.24991257e-03
-2.11917304e-05 -4.11713012e+08 1.00101812e-04 4.29381388e+10 -1.49238745e-02 1.77157700e+10
2.99813674e+09 1.37422379e-03 9.08970725e+09 -7.67737377e-03 4.94108130e+12 -2.53057381e-01
-3.16490376e-04 -1.38559509e+07 5.63140697e-04 1.70034393e+10 -1.93936380e-01 3.97228382e+11
Wave frequency
1.37500e+00
Added masses
3.14590311e+06 -1.27992354e-05 8.32055046e+06 -1.07363236e-04 3.29145473e+09 -5.19051040e-04
6.77571809e-07 2.99717817e+07 -1.61769962e-05 -4.33323750e+08 1.23911456e-03 -9.59729862e+07
1.10841047e+07 -6.93738953e-05 1.09890873e+09 -5.94210034e-04 9.55971575e+09 -2.59777731e-03
1.86675836e-05 -4.28530342e+08 9.50836938e-05 4.27810856e+10 1.70494899e-02 1.76685243e+10
3.17696051e+09 -1.09464787e-02 6.88745517e+09 -8.97711131e-02 5.23070728e+12 -3.26833678e-01
9.68491736e-05 -2.26657427e+07 7.88475856e-04 1.71787963e+10 1.19253616e-01 3.97901651e+11
Wave frequency
1.43200e+00
Added masses
3.13756363e+06 2.45022261e-06 9.84105467e+06 4.92061017e-05 3.19571190e+09 2.90433356e-04
1.56380519e-06 3.06224688e+07 -1.00061732e-05 -4.53160257e+08 1.94060174e-03 -9.83309422e+07
1.11124847e+07 -4.05478915e-05 1.06199284e+09 1.39519627e-05 8.97344998e+09 -1.59633706e-03
2.64069960e-05 -4.45993484e+08 -2.41601487e-04 4.25721341e+10 3.35442388e-02 1.81402188e+10
3.10531393e+09 1.78073550e-03 8.21450373e+09 4.18112417e-02 5.10794429e+12 2.11444785e-01
4.50880927e-04 -2.81482793e+07 -2.11895433e-03 1.80422205e+10 5.06229293e-01 4.04830792e+11
Wave frequency
1.49600e+00
Added masses
2.75303897e+06 -1.19431487e-06 9.18213938e+06 1.46547012e-05 2.93885487e+09 -2.47791622e-04
4.07637975e-06 3.19155510e+07 -1.18382820e-05 -4.67235818e+08 3.32574495e-03 1.74121747e+08
8.58309567e+06 7.41723632e-06 1.13594779e+09 3.22150415e-04 7.20688129e+09 -1.62129867e-03
1.09860323e-05 -4.63633640e+08 2.82946925e-04 4.30083003e+10 1.87017691e-02 1.72951383e+10
2.86959032e+09 -1.08960134e-03 7.99478492e+09 2.13812424e-02 4.97089285e+12 -2.57993052e-01
2.13595100e-05 -2.22763974e+07 4.84717060e-05 1.77284318e+10 -2.07267145e-03 4.12193736e+11
Wave frequency
1.57000e+00
Added masses
2.89872494e+06 1.23362741e-06 7.88672536e+06 5.07748196e-05 3.07347168e+09 3.12423226e-04
-3.62097038e-06 3.37295640e+07 1.54760731e-05 -4.89629740e+08 -1.74599123e-03 8.03204135e+06
9.50146889e+06 2.68896771e-05 1.13321026e+09 5.37793541e-04 8.20709391e+09 2.81587151e-03
1.15556694e-05 -4.77354623e+08 -4.33716949e-04 4.28482972e+10 2.31057772e-02 1.87794965e+10
3.00486880e+09 7.01162838e-04 6.79414873e+09 4.21072998e-02 5.11415983e+12 1.02117321e-01
2.71314907e-04 1.15040757e+08 -5.48776717e-03 1.89618714e+10 3.57559194e-01 4.02377581e+11
Wave frequency
1.65500e+00
Added masses
2.97778848e+06 -3.79530036e-06 9.75905277e+06 -4.60250723e-06 3.13887306e+09 4.73525094e-05
-7.24582071e-07 3.56709657e+07 -6.31076642e-06 -5.08012026e+08 -9.60890351e-04 -4.62035352e+07
9.54468127e+06 -3.11838906e-05 1.09112890e+09 -1.97766363e-04 7.69722293e+09 -1.33178933e-04
-2.44161377e-05 -5.06618764e+08 3.31815746e-04 4.27640493e+10 -1.77711182e-02 2.09726968e+10
2.97929024e+09 -2.88606581e-03 8.20866355e+09 7.97750511e-03 5.09394648e+12 1.92618866e-01
-5.22618504e-04 -1.08602987e+08 -9.09272634e-04 2.01007884e+10 -3.53951651e-01 4.49710259e+11
Wave frequency
1.75500e+00
Added masses
2.87289845e+06 -9.46225883e-07 6.01035907e+06 -2.76733605e-05 3.03568853e+09 -6.49762763e-04
8.53151076e-07 3.61366312e+07 -8.89224415e-06 -5.27322347e+08 8.97236143e-04 1.27601573e+08
8.37986682e+06 1.60718363e-05 1.11892863e+09 -2.47086340e-04 6.84456213e+09 -2.47334046e-03
-1.02468842e-05 -5.15057974e+08 2.04976387e-04 4.25301203e+10 -7.09428850e-03 1.95602622e+10
2.90965396e+09 5.37985609e-04 5.61359886e+09 -2.04307582e-02 5.03821959e+12 -4.71314407e-01
-1.14254210e-04 1.06264726e+08 1.93520003e-03 2.07631287e+10 -1.22069322e-01 4.21527523e+11
Wave frequency
1.87700e+00
Added masses
2.93504638e+06 2.96383945e-06 8.84677567e+06 -1.68800332e-05 3.11270024e+09 9.74482495e-05
-1.14084821e-06 3.87009745e+07 -7.07176533e-06 -5.19538525e+08 8.06790299e-04 2.36523755e+08
9.09310718e+06 -8.52672183e-06 1.10757250e+09 1.15855141e-04 7.23258531e+09 -6.80513609e-04
-4.35133503e-05 -4.98771071e+08 4.41765398e-04 4.26028376e+10 -6.63860786e-02 1.60465811e+10
2.97447524e+09 2.20828561e-03 7.60704260e+09 -2.23481319e-02 5.09814031e+12 -6.70790439e-02
-4.11109803e-04 3.79930568e+08 3.25598964e-03 1.91758261e+10 -9.55114114e-01 3.81330102e+11
Wave frequency
2.02700e+00
Added masses
2.54411009e+06 -2.44168130e-06 1.07890834e+07 -5.37369355e-05 2.99039386e+09 -3.21993662e-04
2.30431973e-06 4.07906533e+07 -2.91369738e-05 -5.53950716e+08 1.36549916e-03 1.38398919e+08
5.16405577e+06 7.51453941e-06 1.18199751e+09 -4.26152721e-04 5.60700689e+09 -7.00738053e-04
-7.48625109e-05 -5.56124516e+08 8.48823803e-04 4.26584285e+10 -3.34163154e-02 2.40806655e+10
2.68437560e+09 -7.85457957e-04 9.54792620e+09 -4.96119756e-02 5.04103555e+12 -1.33694971e-01
-6.68242748e-04 4.14569056e+07 5.60741314e-03 2.31613218e+10 -3.57767744e-01 4.76249312e+11
Wave frequency
2.22100e+00
Added masses
3.20068398e+06 -4.72114392e-06 9.86311281e+06 -1.42521680e-05 3.40195858e+09 -1.15998993e-06
2.16554110e-06 4.41216075e+07 9.90824734e-06 -5.56568140e+08 1.65607896e-03 1.55516523e+08
9.69703160e+06 -2.95434936e-05 1.17578971e+09 -7.26927024e-05 8.41465909e+09 -2.66797684e-05
-4.40705550e-05 -5.40428339e+08 1.46158731e-04 4.29468988e+10 -4.02439174e-02 2.50303406e+10
3.30004812e+09 -3.73400759e-03 8.86450707e+09 -1.00594327e-02 5.43232186e+12 7.55261712e-02
-2.70470986e-04 2.14926959e+08 -4.85165789e-04 2.46926995e+10 -2.93096976e-01 4.86089796e+11
Wave frequency
2.48300e+00
Added masses
3.37062682e+06 3.76076561e-06 9.46890527e+06 2.97090815e-05 3.47186662e+09 8.69481274e-04
-2.13748527e-07 4.72149836e+07 1.05378779e-05 -5.68192645e+08 -7.48208668e-04 2.13208870e+08
9.74271408e+06 2.53102426e-05 1.19586486e+09 6.12550408e-05 8.28078065e+09 4.72700200e-03
5.44295896e-06 -5.57136025e+08 3.79595632e-04 4.29383320e+10 3.72232652e-03 2.58224650e+10
3.35993311e+09 3.36531482e-03 8.74456475e+09 2.46208140e-02 5.46372391e+12 7.29259204e-01
-7.91210944e-05 2.23071115e+08 2.79878303e-03 2.51006768e+10 -9.48797270e-02 5.09448061e+11
Wave frequency
2.86700e+00
Added masses
3.14253522e+06 -6.84128768e-07 7.03615439e+06 -7.25144769e-07 3.28795641e+09 9.38627388e-05
-1.94995960e-07 5.00293943e+07 -2.43648642e-06 -5.52775342e+08 -9.19483567e-05 3.43825741e+08
8.21239921e+06 -8.15062720e-06 1.15597472e+09 -2.87737444e-05 6.70648243e+09 5.34866781e-04
-3.13987685e-06 -5.40531309e+08 1.10918144e-04 4.27370041e+10 -2.11626249e-03 2.50245234e+10
3.14318256e+09 -1.02599283e-03 6.53268881e+09 -5.24239060e-03 5.30460822e+12 9.96796761e-02
3.03400571e-05 3.47896104e+08 4.79059640e-04 2.48358574e+10 2.95831220e-02 5.30015276e+11
Wave frequency
3.51100e+00
Added masses
3.26238346e+06 -9.06608355e-08 6.98862193e+06 3.61676293e-06 3.39605661e+09 9.12894173e-06
1.42941917e-07 5.36932080e+07 5.12535924e-07 -5.51082124e+08 7.62808182e-05 4.55453281e+08
8.34847842e+06 1.54727826e-07 1.15334225e+09 6.80802434e-06 6.76431626e+09 3.65157669e-05
-4.41457828e-06 -5.33309840e+08 1.39255043e-05 4.29215714e+10 -8.81329697e-04 2.58935917e+10
3.22307384e+09 -9.39197904e-05 6.53170223e+09 2.75291748e-03 5.38958585e+12 2.53506070e-03
-1.48538713e-05 4.38841413e+08 -7.01690691e-05 2.63572461e+10 -9.50647763e-04 5.61916985e+11
Wave frequency
4.30000e-02
Radiation damping
1.84767431e+05 5.75308276e-09 -1.83954265e+06 -1.52287485e-07 1.52892384e+08 1.12625056e-06
-2.09783281e-07 1.23784242e+06 4.22174750e-06 -9.11848510e+06 -1.35160896e-04 1.05457655e+07
2.06816758e+05 3.46538632e-07 2.03240425e+08 -3.46538632e-07 1.87596557e+09 2.33913577e-05
-2.54636308e-06 -8.82407296e+06 4.16157702e-05 6.55479699e+07 -1.87323624e-03 -6.74029707e+07
1.26134497e+08 1.42080839e-05 2.86068646e+09 1.46932380e-04 1.38633566e+11 5.11213791e-03
5.22957338e-06 1.07886365e+07 -2.17371772e-05 -7.14509901e+07 5.66096846e-03 2.06182573e+08
Wave frequency
4.40000e-02
Radiation damping
1.97136486e+05 -6.03573757e-09 -1.85895785e+06 2.68218256e-07 1.64047111e+08 1.70389698e-06
-2.47430359e-08 1.33788331e+06 -1.48842942e-06 -9.85494683e+06 -3.91115794e-05 1.13727225e+07
2.21946128e+05 -1.48164955e-07 2.06586915e+08 7.61991197e-07 1.91457383e+09 -9.65188850e-06
5.51691218e-08 -9.52582599e+06 -2.18794660e-05 7.07807364e+07 -3.25962901e-04 -7.22439718e+07
1.34669772e+08 8.46656886e-06 2.90129040e+09 -1.89651142e-04 1.46727963e+11 -2.61176716e-03
6.22888117e-06 1.16197772e+07 3.48835866e-05 -7.65815257e+07 3.37184809e-03 2.27117074e+08
Wave frequency
4.50000e-02
Radiation damping
2.10010608e+05 -1.63304826e-08 -1.87936132e+06 -2.00816430e-07 1.75660238e+08 1.03480286e-06
1.35413656e-08 1.43709651e+06 3.42746110e-06 -1.05852719e+07 3.41717775e-05 1.22123221e+07
2.37681918e+05 -4.13921144e-08 2.09880142e+08 -4.13921144e-07 1.95311661e+09 2.03649203e-05
-5.41654622e-08 -1.02266887e+07 3.97829960e-05 7.60132912e+07 1.19064417e-04 -7.71362431e+07
1.43530163e+08 1.74674723e-05 2.94483720e+09 7.15255737e-05 1.55145083e+11 -5.82800971e-04
-5.33525761e-06 1.24776401e+07 1.10465205e-05 -8.18197252e+07 -1.97515926e-03 2.49678719e+08
Wave frequency
4.60000e-02
Radiation damping
2.23261206e+05 -3.18718578e-08 -1.89612385e+06 -2.14798923e-07 1.87652412e+08 -1.33624543e-06
-1.76682939e-07 1.54034767e+06 3.28208958e-06 -1.13450636e+07 -1.12049747e-04 1.30866449e+07
2.53704759e+05 7.08615002e-08 2.13159210e+08 1.29575315e-06 1.99168589e+09 4.11401624e-05
-1.34244878e-06 -1.09629991e+07 3.66961341e-05 8.15101399e+07 -1.17122925e-03 -8.22485038e+07
1.52684201e+08 3.63620727e-05 2.98702978e+09 2.73403914e-04 1.63822037e+11 1.23355700e-03
1.21081425e-06 1.33716123e+07 -6.64845372e-05 -8.72402633e+07 3.16629429e-03 2.73881420e+08
Wave frequency
4.80000e-02
Radiation damping
2.51532133e+05 -9.09494702e-09 -1.93417593e+06 -4.50957790e-07 2.13233155e+08 2.68725368e-06
-4.87409816e-07 1.75899059e+06 9.26911525e-06 -1.29519061e+07 -3.29554799e-04 1.49630321e+07
2.87789480e+05 6.79089377e-08 2.19436555e+08 6.20881716e-07 2.06809043e+09 3.04232041e-05
-5.04328076e-06 -1.25489825e+07 9.27999887e-05 9.33429777e+07 -3.21852470e-03 -9.33095710e+07
1.72277650e+08 2.61546423e-05 3.07096003e+09 2.08616257e-04 1.82356061e+11 1.98682149e-03
1.46251296e-05 1.53045559e+07 -2.28210411e-04 -9.88249709e+07 1.29806382e-02 3.28146013e+08
Wave frequency
4.90000e-02
Radiation damping
2.65999489e+05 1.43291818e-08 -1.95111372e+06 3.83101442e-07 2.26349373e+08 -2.35681631e-06
-2.05886863e-07 1.87873916e+06 3.47627436e-06 -1.38328012e+07 -1.11688622e-04 1.59507939e+07
3.05270933e+05 2.18575706e-07 2.22989640e+08 4.18144829e-06 2.10965607e+09 -7.90673859e-06
-1.74633191e-06 -1.34006331e+07 3.68834625e-05 9.97087551e+07 -1.06723865e-03 -9.88640683e+07
1.82247577e+08 -5.12417482e-05 3.11201251e+09 -7.22554265e-04 1.91770706e+11 8.07703758e-04
-4.58311085e-07 1.63022887e+07 -2.64654791e-05 -1.04644171e+08 -6.74534133e-04 3.58121421e+08
Wave frequency
5.10000e-02
Radiation damping
2.97168459e+05 2.96744938e-08 -1.97351715e+06 5.71234006e-07 2.54750010e+08 1.33306957e-06
-4.49333851e-07 2.12046763e+06 5.80136354e-06 -1.56101563e+07 -3.28263816e-04 1.80549468e+07
3.43607740e+05 5.47836809e-08 2.29481564e+08 3.57920048e-06 2.19065149e+09 -1.92838557e-05
-3.59358298e-06 -1.51156965e+07 6.10997827e-05 1.12546152e+08 -2.91283005e-03 -1.10543354e+08
2.04009785e+08 -2.57118076e-05 3.21225598e+09 -2.10369335e-04 2.12435663e+11 -8.13428093e-04
5.10971957e-06 1.84706760e+07 3.84878185e-05 -1.17247451e+08 3.37153381e-03 4.24731236e+08
Wave frequency
5.20000e-02
Radiation damping
3.12947611e+05 7.41587988e-09 -1.99177502e+06 -1.96590778e-08 2.69073192e+08 1.36116376e-06
-2.32524564e-07 2.25752925e+06 1.79212433e-06 -1.66167545e+07 -1.85677961e-04 1.91743192e+07
3.62269804e+05 0.00000000e+00 2.32835636e+08 -1.21788337e-06 2.23120459e+09 -1.70503671e-05
-2.08922302e-06 -1.61072025e+07 2.23248767e-05 1.19956049e+08 -1.80316587e-03 -1.16803224e+08
2.14868125e+08 -4.01185109e-06 3.24364100e+09 -1.55889071e-04 2.22591174e+11 1.32964208e-03
-7.83914472e-07 1.96029975e+07 2.75590887e-05 -1.23653460e+08 -2.23157426e-03 4.61529257e+08
Wave frequency
5.40000e-02
Radiation damping
3.46316233e+05 1.03480286e-07 -2.01061646e+06 1.07448378e-06 2.99544850e+08 3.96674430e-07
4.61945412e-07 2.53758687e+06 -2.55224424e-06 -1.86754682e+07 3.32762418e-04 2.15360110e+07
4.03392618e+05 3.44934287e-07 2.39595751e+08 7.79551488e-06 2.31565238e+09 -2.46972949e-05
4.19911177e-06 -1.80584318e+07 -2.63314211e-05 1.34586540e+08 2.92285242e-03 -1.29121931e+08
2.38046418e+08 -8.38880186e-05 3.33692912e+09 -1.11482762e-03 2.44502630e+11 -1.16560194e-03
1.59990224e-06 2.20090493e+07 -2.64133430e-05 -1.37070626e+08 1.39603529e-03 5.43027307e+08
Wave frequency
5.60000e-02
Radiation damping
3.81319382e+05 6.02865059e-08 -2.02992125e+06 7.16421969e-07 3.31543436e+08 -4.32399767e-07
-5.25964034e-07 2.82963630e+06 5.83297931e-06 -2.08205950e+07 -4.16076676e-04 2.40138314e+07
4.45517965e+05 3.74192106e-07 2.45834883e+08 6.91839627e-06 2.39605254e+09 2.31500183e-05
-4.89263487e-06 -2.01747141e+07 6.74502059e-05 1.50457237e+08 -3.68843653e-03 -1.42359894e+08
2.62273776e+08 -3.96477325e-05 3.41435643e+09 -8.04662704e-04 2.67261167e+11 8.85554722e-04
-4.78355235e-06 2.45580376e+07 6.28996142e-05 -1.50923004e+08 -3.20049003e-03 6.35005204e+08
Wave frequency
5.80000e-02
Radiation damping
4.11167530e+05 -7.77774779e-09 -2.12550615e+06 1.44013782e-07 3.58050434e+08 -2.08744715e-06
-4.08163189e-07 3.22067544e+06 8.89623811e-06 -2.36358106e+07 -3.02864496e-04 2.69713625e+07
4.82652530e+05 4.81718573e-08 2.48950192e+08 -3.08299887e-06 2.44368163e+09 -5.60078128e-05
-2.21046415e-06 -2.41680098e+07 8.54087030e-05 1.79892949e+08 -1.86953372e-03 -1.65615900e+08
2.80936052e+08 -1.07904960e-05 3.44705051e+09 3.45295873e-04 2.84407783e+11 4.39019039e-03
-1.36323847e-05 2.76090018e+07 3.00835256e-04 -1.65200097e+08 -9.13820133e-03 7.74074106e+08
Wave frequency
6.00000e-02
Radiation damping
4.56085920e+05 9.13132681e-08 -2.05540656e+06 1.15081396e-06 4.00133600e+08 3.72529030e-07
-9.62944569e-07 3.55468187e+06 1.23870753e-05 -2.61599997e+07 -7.19830859e-04 2.96146283e+07
5.28411550e+05 3.41484944e-07 2.60199019e+08 -1.36593978e-06 2.56922799e+09 -3.27825546e-05
-8.20635554e-06 -2.52156475e+07 1.28468188e-04 1.88348219e+08 -5.73989625e-03 -1.70113400e+08
3.14806097e+08 -6.48200512e-05 3.49082532e+09 -8.24530919e-04 3.15965164e+11 1.00135803e-03
-1.64697364e-05 2.99871524e+07 3.73770793e-04 -1.79218791e+08 -9.50392957e-03 8.45239538e+08
Wave frequency
6.20000e-02
Radiation damping
4.98502467e+05 4.87019744e-08 -2.05023351e+06 6.89103599e-07 4.39229843e+08 -2.43345576e-06
6.78978135e-07 3.82271961e+06 -4.89507652e-06 -2.81126800e+07 5.02268273e-04 3.26186386e+07
5.86724940e+05 3.00426637e-08 2.63690984e+08 -3.96563161e-06 2.64069879e+09 -3.94159748e-05
6.92650628e-06 -2.72445041e+07 -6.03256687e-05 2.03658037e+08 4.74896402e-03 -1.85134609e+08
3.44360083e+08 -3.46091486e-05 3.65902001e+09 -7.36405773e-04 3.44404840e+11 3.84546095e-03
3.50888924e-07 3.34646841e+07 1.08529123e-05 -1.97247339e+08 2.22279660e-03 9.85753375e+08
Wave frequency
6.50000e-02
Radiation damping
5.60061742e+05 -2.39882726e-07 -2.05766021e+06 -3.39664089e-06 4.95910448e+08 -5.21540642e-06
4.77516201e-07 4.46309189e+06 -8.45846863e-06 -3.28084282e+07 4.11823678e-04 3.77574170e+07
6.61058425e+05 -1.18922729e-06 2.73367462e+08 -1.81106421e-05 2.76886876e+09 -5.15809426e-05
2.83367766e-06 -3.18354762e+07 -8.57103329e-05 2.38209333e+08 2.72453404e-03 -2.09075698e+08
3.87321290e+08 2.04948279e-04 3.76126973e+09 2.96372634e-03 3.84609097e+11 3.63863431e-03
1.88730505e-05 3.85924038e+07 -1.82700415e-04 -2.21559745e+08 1.45132725e-02 1.22084829e+09
Wave frequency
6.80000e-02
Radiation damping
6.26733999e+05 1.18769308e-08 -2.04631591e+06 5.64956709e-07 5.57570063e+08 -1.67090227e-06
-3.33537119e-07 5.09137277e+06 9.71982338e-07 -3.74130864e+07 -2.62557638e-04 4.31392745e+07
7.41003302e+05 3.01310245e-07 2.81820451e+08 6.68360906e-06 2.89188416e+09 1.74212105e-05
-3.14560780e-06 -3.63242339e+07 1.82155739e-05 2.72136558e+08 -2.58496798e-03 -2.32666703e+08
4.34175404e+08 1.84073168e-05 3.87325275e+09 2.80492446e-05 4.28577080e+11 1.55673308e-03
-3.88621736e-07 4.41560269e+07 4.47514193e-06 -2.47003718e+08 -1.25783331e-04 1.48999078e+09
Wave frequency
7.00000e-02
Radiation damping
6.76328361e+05 -1.22755799e-07 -2.02295288e+06 -1.76868135e-06 6.03633484e+08 -4.44373914e-06
2.33236668e-07 5.49853179e+06 -2.05223582e-06 -4.03941916e+07 1.81917234e-04 4.70678146e+07
7.99630212e+05 -2.92701381e-07 2.86880010e+08 3.19310597e-06 2.97592575e+09 -4.83223370e-05
2.14768079e-06 -3.91675051e+07 -2.19792128e-05 2.93694149e+08 1.54248306e-03 -2.49588336e+08
4.70266001e+08 6.60972936e-05 3.97113972e+09 6.16482326e-04 4.62651810e+11 2.31606620e-03
1.38661043e-05 4.84023892e+07 -1.27165445e-04 -2.67260903e+08 9.83412777e-03 1.68404027e+09
Wave frequency
7.40000e-02
Radiation damping
7.66347860e+05 1.17988502e-09 -2.06092544e+06 -2.46202674e-07 6.86606951e+08 -6.04101129e-07
1.60488329e-06 6.91575273e+06 -7.08560283e-06 -5.07334301e+07 1.33822873e-03 5.73389769e+07
8.96309329e+05 -8.80980814e-07 3.03156021e+08 -9.76630159e-06 3.17020621e+09 -4.21863955e-05
1.20697321e-05 -5.02333357e+07 -9.32644046e-05 3.76517403e+08 1.03136172e-02 -3.00072618e+08
5.34488719e+08 4.40993825e-05 4.06070825e+09 3.64071614e-04 5.22602873e+11 1.70114878e-03
2.31497374e-05 5.81753955e+07 -9.05585349e-05 -3.07360391e+08 2.19496118e-02 2.21797914e+09
Wave frequency
7.70000e-02
Radiation damping
8.16009775e+05 -9.56268715e-08 -1.92996614e+06 -7.65014972e-07 7.33891219e+08 -3.19310597e-06
-1.10690230e-06 8.10563986e+06 1.56699559e-05 -5.95782879e+07 -7.35829500e-04 6.19593794e+07
9.86618016e+05 -4.23328443e-07 3.03227071e+08 -2.03197653e-06 3.17818340e+09 -3.22213421e-05
-8.49990125e-06 -5.60820296e+07 1.34721253e-04 4.22373944e+08 -5.87347653e-03 -2.78589163e+08
5.62807166e+08 1.07791517e-04 3.87893929e+09 1.88567422e-03 5.46583754e+11 4.68167392e-03
-5.08447698e-06 6.04019920e+07 6.82163548e-06 -2.88871924e+08 -1.78484948e-03 2.75290272e+09
Wave frequency
8.10000e-02
Radiation damping
9.38899618e+05 1.16056015e-07 -1.86923161e+06 1.50333860e-06 8.48602817e+08 3.90925525e-06
1.31960944e-07 8.58058434e+06 -2.29165717e-06 -6.29902472e+07 9.28390633e-05 7.12982099e+07
1.12170251e+06 1.83964953e-07 3.13359822e+08 9.56617756e-06 3.38219739e+09 4.81988177e-05
5.59305557e-07 -6.03278181e+07 -1.53438269e-05 4.55168432e+08 6.32563491e-04 -3.22406022e+08
6.54598802e+08 -9.99849520e-05 4.20360707e+09 -9.74278391e-04 6.34731713e+11 -4.68595528e-03
-6.94539559e-07 7.23358069e+07 -2.31335928e-05 -3.46276105e+08 -2.54349944e-03 3.28734271e+09
Wave frequency
8.50000e-02
Radiation damping
1.04621561e+06 -4.58813327e-08 -1.79759272e+06 -5.47836809e-09 9.49234480e+08 -4.07590586e-06
3.77488451e-07 9.76588642e+06 -3.76500847e-06 -7.16341402e+07 2.40659232e-04 8.16631778e+07
1.24271103e+06 -6.24533962e-07 3.22216706e+08 5.08392558e-06 3.53203657e+09 -1.70925084e-05
2.75339356e-06 -6.90110398e+07 -3.60586187e-05 5.21649020e+08 1.84607856e-03 -3.52567933e+08
7.32240417e+08 1.87579323e-05 4.30817097e+09 -2.35613655e-04 7.07857198e+11 1.21172737e-03
6.13645705e-06 8.31919403e+07 -4.76618023e-05 -3.78427333e+08 1.18157443e-04 4.06901966e+09
Wave frequency
9.00000e-02
Radiation damping
1.17979670e+06 -8.37543565e-08 -1.68888269e+06 -1.07102096e-06 1.07506815e+09 -6.00185659e-06
7.24038627e-07 1.15002986e+07 -2.56760460e-06 -8.42895498e+07 5.95673919e-04 9.58102801e+07
1.39809712e+06 -5.17401430e-07 3.33282086e+08 -2.31795841e-06 3.71370302e+09 -3.00506751e-05
3.34875949e-06 -8.12581467e+07 -2.85398629e-05 6.15928804e+08 3.63323424e-03 -3.79829447e+08
8.29001731e+08 8.99036725e-05 4.41794333e+09 8.42412313e-04 7.99132325e+11 3.68754069e-03
3.16617338e-05 9.75086228e+07 -1.68921219e-04 -4.08029828e+08 2.80661715e-02 5.29108300e+09
Wave frequency
9.50000e-02
Radiation damping
1.31577959e+06 3.43118843e-08 -1.55865399e+06 4.50956194e-07 1.20381458e+09 2.03910627e-06
6.33352963e-07 1.32862381e+07 -4.37599068e-06 -9.73004451e+07 5.40980775e-04 1.10636097e+08
1.55196824e+06 6.76434291e-07 3.43025674e+08 -5.48990149e-06 3.88096177e+09 -3.74097573e-05
2.23065543e-06 -9.38573407e+07 -3.09395163e-05 7.13646811e+08 2.20701883e-03 -3.96561365e+08
9.28371202e+08 -7.13687194e-06 4.50470814e+09 4.11585758e-04 8.93174746e+11 2.65021073e-03
3.49442033e-05 1.12684071e+08 -3.89567331e-04 -4.27806503e+08 3.73338398e-02 6.75905252e+09
Wave frequency
1.01000e-01
Radiation damping
1.47837018e+06 -7.20391843e-10 -1.38531891e+06 1.59062519e-07 1.35862447e+09 -2.65565249e-06
-5.81734423e-07 1.56397077e+07 3.42906517e-06 -1.14412910e+08 -5.24150189e-04 1.29735803e+08
1.73359677e+06 5.90144998e-07 3.53888056e+08 1.10652187e-05 4.06671476e+09 8.67513147e-05
-1.27898368e-06 -1.10454250e+08 2.55422132e-05 8.43240231e+08 -1.53201641e-03 -3.98539123e+08
1.04866140e+09 -1.91797124e-06 4.58446498e+09 -5.66539198e-05 1.00755318e+12 2.49277247e-03
-4.76588191e-05 1.32031497e+08 3.13219458e-04 -4.31567935e+08 -3.76111210e-02 8.95554621e+09
Wave frequency
1.08000e-01
Radiation damping
1.66671124e+06 1.75431422e-07 -1.15584945e+06 3.70804358e-07 1.53925655e+09 1.44182532e-05
5.02074760e-07 1.84518186e+07 1.19433497e-06 -1.34805285e+08 3.82023346e-04 1.52949120e+08
1.93700240e+06 1.00030943e-06 3.64989320e+08 4.13921144e-06 4.26080797e+09 5.80179471e-05
4.08497861e-06 -1.30278341e+08 -1.44527466e-05 9.99987152e+08 2.75326548e-03 -3.69268648e+08
1.19028525e+09 -1.34731332e-04 4.65458820e+09 -1.14794131e-04 1.14324549e+12 -1.54000741e-02
2.97980107e-05 1.55748652e+08 8.85101380e-05 -4.04246314e+08 1.95326629e-02 1.21333156e+10
Wave frequency
1.15000e-01
Radiation damping
1.84875369e+06 -1.92338358e-08 -9.12084259e+05 5.18301259e-07 1.71534483e+09 1.36054080e-06
-2.85026149e-06 2.14369034e+07 3.56332116e-07 -1.56404496e+08 -2.14280318e-03 1.77010828e+08
2.13089979e+06 4.69710516e-07 3.74589734e+08 8.68154609e-06 4.42773419e+09 -3.79655672e-05
-1.13919985e-05 -1.51066106e+08 6.60510167e-05 1.16668226e+09 -8.26794168e-03 -2.90113117e+08
1.32945971e+09 7.12664231e-07 4.69343593e+09 -4.56105108e-05 1.27782760e+12 9.95138417e-04
-1.93820375e-04 1.80088904e+08 3.14041972e-04 -3.25660538e+08 -1.53856692e-01 1.61728264e+10
Wave frequency
1.24000e-01
Radiation damping
2.07078666e+06 -1.03506365e-07 -5.84282594e+05 7.88619922e-07 1.93246979e+09 -1.69440623e-05
5.42733629e-07 2.54161730e+07 4.41251623e-07 -1.85070539e+08 3.87294999e-04 2.08814029e+08
2.35382770e+06 -8.41194584e-07 3.85400779e+08 -7.93126322e-06 4.60643009e+09 -3.20855648e-05
-3.72259115e-06 -1.78837158e+08 -5.55789278e-06 1.39328360e+09 -3.20374966e-03 -1.06265177e+08
1.50438260e+09 1.78152996e-04 4.70745954e+09 -2.73027728e-04 1.44926202e+12 1.21824203e-02
4.65511074e-05 2.12178104e+08 1.26284337e-04 -1.38307899e+08 3.24864541e-02 2.28103758e+10
Wave frequency
1.35000e-01
Radiation damping
2.31832628e+06 -1.65999626e-08 -1.80463556e+05 -1.37973715e-07 2.17840974e+09 4.41515887e-07
6.49069315e-07 3.02090534e+07 -8.83031774e-07 -2.19371228e+08 5.41615817e-04 2.46694090e+08
2.58397962e+06 -1.37973715e-07 3.94746035e+08 4.85667476e-06 4.75701086e+09 7.27949319e-05
2.71183025e-06 -2.12014802e+08 3.58731658e-06 1.67299833e+09 1.95679841e-03 2.82129251e+08
1.70674987e+09 -6.78278782e-05 4.66921390e+09 -9.46610062e-04 1.65163968e+12 6.78168403e-04
3.85809000e-05 2.50282146e+08 -1.97123046e-04 2.60642015e+08 3.78997238e-02 3.34976627e+10
Wave frequency
1.47000e-01
Radiation damping
2.55355946e+06 -8.35497718e-08 2.37529498e+05 -3.80131663e-08 2.41735865e+09 -8.31221237e-06
3.36401673e-07 3.51788063e+07 2.10656297e-06 -2.54638194e+08 1.90952805e-04 2.85548325e+08
2.77772979e+06 -1.02635549e-06 4.01018148e+08 -1.15560026e-05 4.85125895e+09 -3.99898510e-05
-4.09136501e-06 -2.46185647e+08 -2.00456097e-05 1.97445639e+09 -2.61611679e-03 9.45796509e+08
1.91010259e+09 2.99290329e-05 4.58781696e+09 -3.89254823e-05 1.86112792e+12 6.22807717e-03
5.39723606e-05 2.89187626e+08 2.50430740e-04 9.45232805e+08 4.32916239e-02 4.89150923e+10
Wave frequency
1.61000e-01
Radiation damping
2.77882178e+06 -3.43461353e-08 6.58500747e+05 5.43753553e-07 2.65361263e+09 -5.64578157e-06
-2.59132553e-07 4.03927810e+07 1.28418392e-06 -2.91161377e+08 -2.38059933e-04 3.25735904e+08
2.92643766e+06 -1.38830694e-07 4.03924667e+08 6.47876574e-06 4.88503887e+09 4.62768981e-05
1.49279150e-06 -2.81479095e+08 -9.81070240e-06 2.30801654e+09 1.32314907e-03 2.07012632e+09
2.12214775e+09 1.08750711e-05 4.47416254e+09 -3.02095591e-04 2.08890745e+12 -4.73875437e-04
-1.71802984e-05 3.29061974e+08 1.39941340e-04 2.10751233e+09 -2.02167108e-02 7.24307047e+10
Wave frequency
1.79000e-01
Radiation damping
2.98884482e+06 -6.34105803e-09 1.04688321e+06 1.24870066e-07 2.88649294e+09 4.99480263e-07
-1.46860530e-07 4.59491695e+07 -2.86160568e-07 -3.29084041e+08 -9.09470313e-05 3.68444576e+08
3.01016783e+06 1.33194737e-06 4.01801191e+08 2.03121974e-05 4.84888620e+09 1.18876303e-04
2.08897214e-06 -3.18296699e+08 7.95006086e-06 2.69514553e+09 4.43538474e-04 4.04442632e+09
2.35001168e+09 -1.23205132e-04 4.35728806e+09 -3.88928632e-04 2.35069843e+12 -7.33103832e-03
-2.57024219e-05 3.70997503e+08 -2.97190757e-05 4.15188425e+09 -1.97021655e-02 1.11593686e+11
Wave frequency
2.00000e-01
Radiation damping
3.12646682e+06 7.56699592e-09 1.25213415e+06 -6.61239028e-07 3.05808065e+09 1.93715096e-06
5.17320586e-08 5.07570134e+07 1.97440386e-06 -3.60304246e+08 -1.02855265e-04 4.07063526e+08
2.98589747e+06 1.82539225e-06 3.94487395e+08 -1.63912773e-05 4.74896025e+09 8.33719969e-05
-2.67522410e-06 -3.48724439e+08 1.51991844e-05 3.06808994e+09 -2.31146812e-03 6.88214498e+09
2.54851510e+09 -8.72090459e-05 4.31245000e+09 -1.30176544e-03 2.60602901e+12 -7.17163086e-03
8.38190317e-06 4.08417203e+08 1.10035762e-04 7.09101473e+09 -8.46862793e-03 1.67767612e+11
Wave frequency
2.28000e-01
Radiation damping
3.15805345e+06 1.27137786e-07 1.17188580e+06 -1.47867882e-06 3.13096599e+09 5.48990149e-06
2.34873018e-08 5.48893373e+07 7.96525886e-07 -3.84209300e+08 1.08735995e-04 4.47357892e+08
2.83063183e+06 1.71559422e-06 3.81753601e+08 2.56195403e-05 4.57229829e+09 1.76461119e-06
1.62777213e-06 -3.71903022e+08 4.01939216e-06 3.41529424e+09 8.24008072e-04 1.07385812e+10
2.69296809e+09 -3.25799511e-05 4.37502471e+09 2.34235797e-04 2.84449148e+12 -8.56633772e-03
-1.20908545e-06 4.47253983e+08 -1.27754583e-04 1.10846858e+10 2.97814085e-03 2.49461143e+11
Wave frequency
2.65000e-01
Radiation damping
3.04953137e+06 -3.25084295e-08 8.17624785e+05 -4.21730977e-08 3.02899364e+09 -6.52277245e-06
2.66876634e-08 5.77664366e+07 6.11509917e-07 -3.95425339e+08 -9.45520851e-05 5.00709231e+08
2.62577256e+06 1.26519293e-06 3.69206345e+08 2.60910898e-05 4.35619195e+09 1.38327761e-05
-1.90306103e-06 -3.82954092e+08 1.04026974e-05 3.61917971e+09 -2.63789915e-03 1.41858753e+10
2.68646172e+09 -6.31471850e-05 4.49225959e+09 1.22358214e-04 2.95381102e+12 4.60642689e-04
1.52385460e-05 5.00331473e+08 1.03633359e-04 1.46465173e+10 -1.23797723e-03 3.40742814e+11
Wave frequency
3.15000e-01
Radiation damping
2.93475300e+06 -1.10502163e-07 7.49363006e+05 3.54789552e-08 2.81685407e+09 -1.93005516e-05
-1.08663540e-06 6.02920758e+07 2.20560838e-06 -3.98591591e+08 -3.32153979e-04 6.03571606e+08
2.73688923e+06 1.62020562e-06 3.59768559e+08 2.08143204e-05 4.25562167e+09 -1.41679295e-04
-2.87970853e-06 -3.85951170e+08 -1.53742139e-05 3.71982651e+09 -2.70661854e-03 1.51737224e+10
2.49678626e+09 9.14883992e-05 4.42944957e+09 5.69177052e-04 2.81882762e+12 1.72448537e-02
-1.70157069e-04 6.05251482e+08 4.03561289e-04 1.56449218e+10 -5.35753038e-02 4.05488815e+11
Wave frequency
3.88000e-01
Radiation damping
3.01186630e+06 2.62834593e-07 1.63597566e+06 -9.60126366e-09 2.75032405e+09 4.28600410e-05
-2.13178057e-07 6.37686824e+07 1.58900914e-06 -3.95408946e+08 -1.40716120e-04 8.14400991e+08
3.24958980e+06 1.42098702e-06 3.57130145e+08 -4.14774590e-06 4.39165798e+09 1.89951400e-04
-3.16841701e-06 -3.83233604e+08 -7.41217554e-06 4.39259872e+09 -7.52124590e-04 1.69573508e+10
2.36876416e+09 -2.40108402e-04 4.16654255e+09 -1.96633880e-05 2.61944396e+12 -5.08101945e-02
-2.81125000e-05 8.15199045e+08 2.28318050e-04 1.73947388e+10 -2.15510732e-02 4.41946420e+11
Wave frequency
5.01000e-01
Radiation damping
2.95133357e+06 1.09676710e-07 1.95711549e+06 7.28699499e-07 2.65075888e+09 2.62926677e-05
-4.97611600e-07 6.64024810e+07 -1.24919914e-06 -3.66541148e+08 1.04694785e-04 1.10827570e+09
3.24155609e+06 -4.90756806e-07 3.32410447e+08 -5.59165330e-06 4.21013745e+09 1.96183751e-04
-5.08974293e-06 -3.54896183e+08 -2.11768997e-05 5.36616270e+09 2.07486029e-03 2.50794585e+10
2.39133820e+09 -2.17955507e-04 4.20184052e+09 -1.69415198e-03 2.60022544e+12 -2.38780252e-02
-7.29889213e-05 1.10925839e+09 -1.53264838e-04 2.55003405e+10 3.24668047e-02 5.17183685e+11
Wave frequency
6.97000e-01
Radiation damping
2.75838492e+06 1.76877799e-07 2.39642678e+06 3.43132908e-06 2.37120439e+09 2.92464685e-05
5.30633397e-07 6.71743492e+07 -6.03956677e-07 -2.54707840e+08 5.03475389e-05 1.55615768e+09
3.43501381e+06 2.49065320e-06 2.82010058e+08 6.08873846e-05 4.13119944e+09 8.86800813e-05
6.30145949e-06 -2.45465548e+08 1.12025946e-05 5.69581152e+09 8.75683734e-05 3.27911412e+10
2.14567617e+09 -9.66330683e-05 4.07607397e+09 1.30805258e-03 2.33552259e+12 -7.53088011e-03
9.06469490e-05 1.55578483e+09 -3.26029710e-05 3.32316659e+10 1.24347090e-02 5.94702862e+11
Wave frequency
7.54000e-01
Radiation damping
2.68849490e+06 1.50382657e-07 2.46234793e+06 1.89723007e-06 2.30123052e+09 3.33596288e-05
5.60924223e-07 6.65763525e+07 -1.88240796e-06 -2.17533298e+08 3.17904614e-04 1.64714844e+09
3.41608827e+06 -1.35375271e-06 2.66855554e+08 1.32806105e-05 4.13846553e+09 -5.49406208e-05
1.03013664e-05 -2.09433535e+08 -1.66007631e-06 5.63681710e+09 5.20599932e-03 3.41102381e+10
2.07969808e+09 6.22923874e-05 4.05017976e+09 3.08616092e-04 2.24542084e+12 2.34750601e-02
1.05612474e-04 1.64597220e+09 -3.63695052e-04 3.45609190e+10 6.62158592e-02 6.07275187e+11
Wave frequency
8.19000e-01
Radiation damping
2.59253908e+06 4.83855623e-07 2.42320676e+06 3.12942579e-06 2.20698273e+09 7.23406800e-05
-1.22669625e-07 6.54000578e+07 -7.09579104e-07 -1.73921712e+08 8.08374349e-05 1.71927518e+09
3.35336953e+06 3.53879835e-06 2.47291434e+08 6.78284847e-05 4.13008891e+09 3.69345021e-04
4.09372560e-07 -1.67177254e+08 -5.49468948e-05 5.51329998e+09 8.03461878e-04 3.50253353e+10
1.99981508e+09 -3.52024013e-04 4.05649571e+09 -8.11380053e-03 2.13692244e+12 -4.07646282e-02
-5.34185705e-05 1.71813635e+09 -1.77613108e-04 3.54847724e+10 -2.42203001e-03 6.15414790e+11
Wave frequency
8.95000e-01
Radiation damping
2.37256068e+06 -4.74766396e-08 2.34946437e+06 2.18938849e-06 1.98823613e+09 -3.83600842e-05
-4.07557685e-06 6.33067307e+07 -2.89698553e-06 -1.21593950e+08 1.72087600e-04 1.76026163e+09
3.30336272e+06 -1.18376822e-05 1.69076592e+08 7.48554422e-05 3.81532119e+09 -3.86198140e-04
-7.28325471e-05 -1.17331387e+08 3.40978527e-05 5.30014014e+09 3.02618442e-03 3.50535513e+10
1.78424292e+09 3.58826621e-04 3.71639251e+09 9.50903866e-03 1.86385834e+12 3.75076379e-02
-7.99701201e-04 1.75953923e+09 -3.36949386e-04 3.54812981e+10 5.23061060e-02 6.13744594e+11
Wave frequency
9.38000e-01
Radiation damping
2.30173863e+06 1.40492691e-07 2.30534151e+06 1.92221802e-06 1.89710461e+09 1.00908503e-04
1.33343946e-06 6.18286005e+07 7.86361918e-07 -9.18276890e+07 -3.20613257e-04 1.76058284e+09
3.66915066e+06 -5.02953906e-05 1.16797987e+08 -2.82041808e-04 3.97260538e+09 4.22824420e-03
1.93691266e-05 -8.98362043e+07 3.68557505e-06 5.17635532e+09 -3.69675886e-03 3.46741859e+10
1.67191885e+09 -2.13496466e-03 3.76479766e+09 -9.71161735e-03 1.69950304e+12 8.75834971e-02
2.69555334e-04 1.75988612e+09 3.04361778e-04 3.51055593e+10 -5.79118220e-02 6.07596372e+11
Wave frequency
9.85000e-01
Radiation damping
2.31923460e+06 1.36530944e-06 2.80472928e+06 -5.17380419e-06 2.01392923e+09 1.75364732e-04
-1.36644405e-05 5.99019101e+07 3.82740485e-06 -5.80258520e+07 -1.24293838e-03 1.74299074e+09
4.99128177e+06 9.23493792e-05 1.64078362e+08 -1.80205718e-04 5.36477997e+09 6.29667098e-03
-2.15522226e-04 -5.92675052e+07 1.36788121e-04 5.03373644e+09 -2.18812584e-02 3.39112131e+10
1.96719580e+09 -9.41450826e-04 4.29074605e+09 -4.33055277e-02 2.18286910e+12 -1.79201697e-01
-2.77497442e-03 1.74278477e+09 1.31565907e-03 3.42923267e+10 -2.52010132e-01 5.96420908e+11
Wave frequency
1.03700e+00
Radiation damping
2.13283643e+06 1.86910019e-06 8.77995909e+06 3.22307662e-05 1.75350833e+09 1.95884889e-04
-4.12696245e-06 5.73395118e+07 -5.78731212e-06 -1.39678966e+07 2.41852887e-04 1.70430190e+09
-1.43944444e+06 2.47888073e-04 4.75236865e+08 1.09334576e-03 -4.28096143e+09 1.31902722e-02
-6.66744339e-05 -2.31031451e+07 3.98322265e-05 4.90380100e+09 9.29579555e-03 3.27335425e+10
1.82052089e+09 4.12461843e-04 5.72121543e+09 -1.39271397e-02 1.88339104e+12 8.02226789e-02
-8.35039806e-04 1.70379242e+09 -1.37113674e-04 3.30351203e+10 7.95752471e-02 5.78807877e+11
Wave frequency
1.09500e+00
Radiation damping
2.14117691e+06 -2.68648289e-06 3.05112329e+06 2.53115615e-06 1.83599594e+09 -2.00206286e-04
2.07591377e-06 5.16379045e+07 -2.23177209e-06 1.68453202e+08 -4.09693478e-04 1.65155974e+09
1.07873510e+06 -1.69492203e-05 2.20079414e+08 7.27231100e-05 2.00712023e+09 -2.65286938e-03
4.24921240e-05 8.22827745e+07 5.29569578e-04 5.40740452e+09 1.00331764e-03 3.10637460e+10
1.73858020e+09 -2.92046429e-03 4.22815164e+09 2.19127359e-03 1.78533355e+12 -1.30709992e-01
3.18707941e-04 1.65678606e+09 1.12006381e-03 3.02486042e+10 -2.25356289e-01 5.50463861e+11
Wave frequency
1.16000e+00
Radiation damping
2.13075253e+06 9.58921035e-07 3.82046551e+06 -2.29811874e-05 1.80267225e+09 -8.27271363e-05
2.27612026e-07 5.32410994e+07 4.12351099e-06 -5.24386341e+07 3.83435138e-04 1.52154492e+09
2.06888248e+06 -1.50296195e-06 1.52324622e+08 -1.02561096e-04 2.94397270e+09 -7.08781440e-04
-5.64895313e-06 -3.73270097e+07 -2.26883025e-04 4.70575345e+09 -9.81955693e-03 2.84428908e+10
1.71168595e+09 2.12315855e-03 4.90355579e+09 -1.15493248e-02 1.69892035e+12 1.07179839e-01
5.75493122e-05 1.45269156e+09 -2.15004487e-03 3.00916977e+10 -5.61155122e-02 4.88615402e+11
Wave frequency
1.23500e+00
Radiation damping
1.89245426e+06 1.62887187e-07 1.30657170e+06 -8.92863100e-07 1.63031295e+09 9.56570089e-05
-4.23299307e-06 4.66322620e+07 4.94784913e-05 3.37944263e+07 -3.31257036e-03 1.31794425e+09
2.50689777e+06 8.89846670e-06 1.18649391e+08 -3.44596894e-05 3.37188464e+09 1.28171705e-03
5.94809712e-05 4.09542403e+07 -5.90713401e-04 4.19125305e+09 5.00265886e-02 2.80488691e+10
1.49959508e+09 -2.72636954e-04 2.42885956e+09 -6.02938386e-03 1.50291278e+12 3.41500348e-02
2.08495600e-05 1.45807837e+09 3.21949542e-04 2.68424279e+10 4.13655269e-02 4.99724870e+11
Wave frequency
1.27800e+00
Radiation damping
1.18103002e+06 -1.31245067e-06 -2.56763527e+06 2.58963060e-05 1.00910933e+09 -2.39817749e-04
1.30807826e-06 4.61066024e+07 -8.07437725e-06 2.89785531e+07 1.94493967e-03 1.34620790e+09
7.95205682e+05 1.61953935e-05 7.59782066e+07 5.66185827e-04 1.74268602e+09 -2.11367958e-03
6.07764497e-06 3.34556959e+07 -2.47419907e-04 4.42769649e+09 1.99032875e-02 2.59230894e+10
9.00154272e+08 -1.68376126e-03 -9.40892568e+08 1.78989297e-02 9.51352901e+11 -3.35502326e-01
2.49938413e-04 1.43206558e+09 -3.57222109e-03 2.50543454e+10 3.70437550e-01 4.84113253e+11
Wave frequency
1.32400e+00
Radiation damping
1.90049672e+06 3.77101233e-06 3.03828045e+06 1.04443184e-05 1.54975445e+09 2.18610389e-04
7.69888639e-07 4.40433271e+07 -4.58064396e-06 4.37226668e+07 2.02521862e-03 1.29219427e+09
2.31404680e+06 -1.31679446e-05 1.28279084e+08 -3.90446438e-04 3.22833199e+09 1.58357476e-03
-8.82083466e-06 4.26724318e+07 -1.24307648e-04 4.39785423e+09 4.52347032e-03 2.45240996e+10
1.47684443e+09 3.62651946e-03 4.03599732e+09 1.07987049e-02 1.38245815e+12 1.91357201e-01
-1.80074456e-06 1.41081254e+09 -9.62542983e-04 2.37034353e+10 2.35658398e-01 4.64975193e+11
Wave frequency
1.37500e+00
Radiation damping
2.14371794e+06 1.02518296e-05 3.54792194e+05 6.68980859e-05 1.86939272e+09 7.98918984e-04
-2.27293508e-06 4.12375320e+07 3.14008106e-06 6.26225299e+07 -1.85847282e-03 1.23293038e+09
2.47548630e+06 5.05068085e-05 1.00731320e+08 5.08135015e-04 3.29457041e+09 4.80105660e-03
-3.61122868e-05 5.26836412e+07 3.62417915e-04 4.35490366e+09 -2.04107111e-02 2.25176227e+10
1.71166218e+09 8.09262016e-03 1.43687147e+09 4.97270064e-02 1.67393719e+12 6.59002131e-01
-5.13987108e-04 1.36059628e+09 3.03108042e-03 2.22160607e+10 -3.39621804e-01 4.34136577e+11
Wave frequency
1.43200e+00
Radiation damping
1.98516747e+06 3.89137724e-06 2.40636041e+06 4.33455216e-05 1.64134794e+09 5.43934007e-04
3.89536073e-06 3.76443251e+07 -1.32934591e-06 1.05362104e+08 2.35754684e-03 1.15290934e+09
2.82034182e+06 4.59834018e-05 8.70050407e+07 4.52986976e-04 3.62694393e+09 2.44170927e-03
8.15245443e-05 4.86723184e+07 -6.68054852e-06 4.44943485e+09 5.24973736e-02 2.08584726e+10
1.52551049e+09 3.24250100e-03 3.07305886e+09 3.15165387e-02 1.41856837e+12 3.12165841e-01
1.02497512e-03 1.25011566e+09 -1.83588133e-03 2.01455316e+10 5.77404512e-01 4.02533888e+11
Wave frequency
1.49600e+00
Radiation damping
1.28840753e+06 -7.16545644e-07 1.27498376e+06 7.13930968e-06 1.09718046e+09 -8.16774878e-05
8.24790104e-06 3.63440276e+07 -3.54550022e-05 2.75584516e+07 4.65318640e-03 1.34744108e+09
9.62852851e+05 -2.59425631e-05 8.25978954e+07 1.64191672e-04 1.93790541e+09 -1.66086191e-03
9.96066925e-09 8.33337752e+07 5.33124900e-04 3.68124878e+09 4.10921433e-03 1.49280563e+10
1.01524741e+09 -9.09807529e-04 2.40961488e+09 1.59625701e-03 1.00179517e+12 -8.84520179e-02
3.72927457e-04 9.84352763e+08 7.49229588e-03 2.12424490e+10 5.27794986e-01 3.55623677e+11
Wave frequency
1.57000e+00
Radiation damping
1.45096503e+06 -7.26594738e-06 9.17217257e+05 -4.63549499e-05 1.17446216e+09 -3.34013799e-04
-1.97876387e-06 3.30775296e+07 -1.68468542e-07 5.29619186e+07 -1.17913743e-03 1.01078396e+09
1.91390693e+06 -6.32516328e-05 5.82650160e+07 -4.95534794e-04 2.73595536e+09 -4.60208601e-04
2.78756117e-05 8.04913837e+07 -6.36099250e-05 3.82643417e+09 1.74965828e-02 1.75453474e+10
1.10243027e+09 -7.00774087e-03 1.70972660e+09 -4.89860583e-02 1.03838319e+12 -2.16616491e-01
4.17270478e-04 1.13287736e+09 -3.00105590e-03 1.72496289e+10 3.09549320e-01 3.58699629e+11
Wave frequency
1.65500e+00
Radiation damping
1.24904179e+06 -2.19430572e-06 2.21187240e+06 -6.43113409e-05 1.05723717e+09 -1.76581011e-04
-6.15573272e-06 2.91415926e+07 -1.90833904e-05 6.06332906e+07 -3.33876048e-03 9.85963326e+08
1.49593136e+06 1.15472745e-05 7.36058251e+07 -4.01818140e-04 2.47060764e+09 2.18187214e-03
-1.55336727e-05 6.37763171e+07 4.32808954e-04 3.87726485e+09 -4.17657489e-03 1.79278514e+10
9.77777954e+08 -2.51455970e-04 3.23444654e+09 -4.30426929e-02 9.52114282e+11 1.45857428e-01
-1.39305599e-04 9.04271803e+08 1.32269640e-03 1.71699142e+10 -7.71698275e-02 3.49758067e+11
Wave frequency
1.75500e+00
Radiation damping
1.35960497e+06 6.58970422e-06 1.07802341e+06 1.72214545e-04 9.97559007e+08 1.25567118e-03
-1.27081751e-06 2.48088210e+07 3.18294747e-06 8.56320002e+07 -1.08853195e-03 8.86219209e+08
1.23182459e+06 4.93160510e-05 4.04255375e+07 1.22457828e-03 1.32484918e+09 3.18054460e-03
-1.50370122e-05 3.96548679e+07 2.72890781e-04 3.92800656e+09 -1.72541692e-02 1.29042972e+10
9.70333876e+08 2.94348453e-03 1.26275612e+09 1.32579749e-01 8.32058640e+11 5.41630498e-01
-4.53572667e-04 9.07800949e+08 3.13269107e-03 1.39037912e+10 -3.26407669e-01 2.71766665e+11
Wave frequency
1.87700e+00
Radiation damping
1.13199481e+06 2.56461031e-07 2.92032701e+06 1.43343296e-04 1.00811812e+09 5.27899635e-04
-5.44374202e-06 2.47184414e+07 2.25065487e-05 3.73266563e+07 -6.52799469e-03 3.10633876e+08
1.24377096e+06 1.44665109e-05 5.52628500e+07 6.75863323e-04 2.39124259e+09 3.32480869e-03
2.06978876e-04 7.10948695e+07 -5.76461384e-04 3.13602043e+09 1.97244440e-01 1.19178936e+10
8.79650812e+08 -1.36865221e-03 3.69689865e+09 1.20737099e-01 8.95197512e+11 2.46644465e-01
1.67693238e-03 5.62135168e+08 -1.61092905e-03 1.16286459e+10 1.53394322e+00 3.19061651e+11
Wave frequency
2.02700e+00
Radiation damping
1.20629392e+06 3.42946788e-05 -8.89214308e+05 6.08801018e-05 9.90288002e+08 3.43454490e-03
2.72838001e-06 1.63037146e+07 -3.05512399e-05 4.44612501e+07 1.66826843e-03 7.14208173e+08
1.50980479e+05 1.73566917e-04 2.14693242e+07 4.00927247e-04 1.58932709e+09 1.71149136e-02
6.83306824e-06 4.85634036e+07 6.17218300e-05 3.15936084e+09 9.06155271e-03 1.23056764e+10
7.97894766e+08 2.79871889e-02 -1.78097802e+08 5.62098559e-02 7.80724230e+11 2.46248400e+00
-8.03354166e-05 8.96549825e+08 2.56749874e-03 1.07761204e+10 1.49125117e-01 2.36466312e+11
Wave frequency
2.22100e+00
Radiation damping
1.00495629e+06 -7.02729742e-06 1.48918599e+06 1.21705117e-05 9.12693069e+08 -3.53709688e-05
3.62454728e-07 1.47659836e+07 -5.14269533e-05 2.50005534e+07 -1.97188455e-03 5.86640630e+08
1.74737201e+06 -4.74794203e-05 3.03355159e+07 -5.97790843e-05 2.58234400e+09 -1.54979457e-03
3.88010538e-05 2.99190128e+07 8.66219730e-04 2.72493158e+09 5.49223658e-02 6.86253021e+09
7.59407642e+08 -8.14374961e-03 1.80153055e+09 1.94084102e-03 7.48718344e+11 -1.29902379e-01
1.49051867e-04 4.39672411e+08 3.29624286e-03 8.50899852e+09 1.73844394e-01 1.73098873e+11
Wave frequency
2.48300e+00
Radiation damping
1.43530045e+06 -5.11711682e-06 2.39901157e+06 1.17985030e-05 1.17359123e+09 -9.23091829e-04
-3.11041767e-06 1.11200971e+07 8.01665069e-05 -2.82909385e+07 -2.25825508e-03 3.03258532e+08
4.79801200e+06 -1.10288397e-05 2.18232004e+07 2.04787444e-04 4.56022282e+09 -1.57915101e-03
1.51757194e-04 -6.83741604e+07 -2.84417137e-03 3.27956582e+09 1.54680367e-01 1.36234327e+10
1.11608830e+09 -2.03390348e-03 1.95941426e+09 1.13365490e-02 9.66064857e+11 -5.74462989e-01
8.96134110e-04 1.77495327e+08 -1.64678776e-02 1.21502892e+10 8.21061735e-01 1.70394904e+11
Wave frequency
2.86700e+00
Radiation damping
5.72013523e+05 3.08589934e-07 1.66694726e+06 -5.73931191e-06 4.82067560e+08 2.35300094e-04
1.44462400e-06 6.52207626e+06 6.05765726e-06 -3.89498745e+07 4.40953790e-05 1.78408475e+08
1.45870608e+06 3.70320103e-07 2.44174236e+07 5.74009153e-05 1.86492276e+09 1.46851541e-03
-2.49244920e-05 -4.87579256e+07 -1.31527306e-04 2.45640315e+09 -2.62917398e-03 8.82524107e+09
4.93462838e+08 3.08563703e-04 2.13440195e+09 -6.79912906e-04 4.63126774e+11 2.64641795e-01
-2.00477011e-04 1.98218333e+08 -3.05798647e-04 7.95304965e+09 -1.34396561e-01 1.03638494e+11
Wave frequency
3.51100e+00
Radiation damping
2.31227232e+04 8.32198791e-07 1.71330994e+05 -6.24047134e-06 3.55982671e+07 4.86526520e-05
-2.34115489e-07 1.07623228e+06 -6.12011030e-06 2.28040723e+07 4.54360214e-04 7.41483636e+07
-2.25622741e+05 -2.65178917e-06 6.80849657e+06 -3.18055545e-05 2.33914963e+08 -3.95859045e-04
2.05283549e-06 1.26347675e+07 -1.06498102e-04 -6.35741782e+08 -8.73925305e-03 1.32796286e+09
6.82856140e+06 5.22801150e-04 4.40767198e+08 -8.85822467e-03 4.30624743e+10 2.16093745e-02
-1.76980468e-05 1.56217364e+08 -7.51517635e-04 -1.21149090e+09 3.35972590e-02 1.92014983e+10
