Inertia
2.01510225e+08 0.00000000e+00 0.00000000e+00 0.00000000e+00 0.00000000e+00 -0.00000000e+00
0.00000000e+00 2.01510225e+08 0.00000000e+00 -0.00000000e+00 0.00000000e+00 0.00000000e+00
0.00000000e+00 0.00000000e+00 2.01510225e+08 0.00000000e+00 -0.00000000e+00 0.00000000e+00
0.00000000e+00 -0.00000000e+00 0.00000000e+00 1.28379802e+11 -3.81842256e-06 1.26263673e+10
0.00000000e+00 0.00000000e+00 -0.00000000e+00 -3.81842256e-06 2.21743672e+12 -0.00000000e+00
-0.00000000e+00 0.00000000e+00 0.00000000e+00 1.26263673e+10 -0.00000000e+00 2.21767953e+12
Hydrostatic stiffness
0.00000000e+00 0.00000000e+00 0.00000000e+00 0.00000000e+00 0.00000000e+00 0.00000000e+00
0.00000000e+00 0.00000000e+00 0.00000000e+00 0.00000000e+00 0.00000000e+00 0.00000000e+00
0.00000000e+00 0.00000000e+00 1.94474385e+08 -0.00000000e+00 1.64990212e+09 0.00000000e+00
0.00000000e+00 0.00000000e+00 -0.00000000e+00 1.71411709e+10 -2.34117033e-06 -6.25947771e+09
0.00000000e+00 0.00000000e+00 1.64990212e+09 -2.34117033e-06 1.79596433e+12 1.69207828e-05
0.00000000e+00 0.00000000e+00 0.00000000e+00 0.00000000e+00 0.00000000e+00 0.00000000e+00
