Wave direction
0.00000e+00
    Frequency      Surge          Sway           Heave          Roll           Pitch          Yaw
4.30000000e-02 1.71461063e+01 7.33235511e-14 9.52273598e-01 7.70438618e-17 3.27772513e-03 1.82383420e-16
4.40000000e-02 1.67269897e+01 4.93531583e-14 9.50279674e-01 4.72331281e-17 3.34899391e-03 3.52308962e-16
4.50000000e-02 1.63259880e+01 6.70892133e-14 9.48247657e-01 7.79979264e-17 3.41977517e-03 3.56729739e-16
4.60000000e-02 1.59416924e+01 4.18860843e-14 9.46254347e-01 3.93617708e-17 3.49018724e-03 2.25536151e-16
4.80000000e-02 1.52202173e+01 1.40415251e-13 9.42354132e-01 1.81421072e-16 3.63018636e-03 4.76322965e-16
4.90000000e-02 1.48799699e+01 1.02483986e-13 9.40240559e-01 1.32504921e-16 3.69908897e-03 2.14986023e-16
5.10000000e-02 1.42378229e+01 1.14918404e-13 9.36154705e-01 1.48844149e-16 3.83585024e-03 1.37763943e-16
5.20000000e-02 1.39348176e+01 4.02755904e-14 9.34019090e-01 5.08907035e-17 3.90386838e-03 6.98463310e-17
5.40000000e-02 1.33593487e+01 3.95921933e-14 9.29634216e-01 4.47609285e-17 4.03773358e-03 4.41516289e-17
5.60000000e-02 1.28232956e+01 9.98800327e-14 9.25097014e-01 1.76810283e-16 4.17031171e-03 1.72341659e-16
5.80000000e-02 1.23163163e+01 1.25575169e-13 9.17830905e-01 1.97537156e-16 4.29520295e-03 7.07885510e-16
6.00000000e-02 1.18553478e+01 1.72616834e-13 9.16831526e-01 3.60857385e-16 4.43362207e-03 7.22702063e-16
6.20000000e-02 1.14117923e+01 6.79416440e-14 9.11522200e-01 1.48750643e-16 4.55782559e-03 1.05477467e-16
6.50000000e-02 1.07950665e+01 1.54389101e-13 9.03709057e-01 3.90027126e-16 4.74353866e-03 5.88242983e-16
6.80000000e-02 1.02306994e+01 3.60034933e-14 8.96137398e-01 1.04836622e-16 4.92610700e-03 9.22991265e-17
7.00000000e-02 9.88265331e+00 4.65533125e-14 8.92273840e-01 1.53113536e-16 5.04688882e-03 4.11108653e-16
7.40000000e-02 9.23493504e+00 1.69020113e-13 8.83375282e-01 4.86117200e-16 5.27915474e-03 4.23368648e-16
7.70000000e-02 8.73954436e+00 2.37236824e-13 8.55811993e-01 7.39637345e-16 5.43104900e-03 1.63846110e-16
8.10000000e-02 8.21752634e+00 9.66502132e-15 8.53636450e-01 4.75243186e-17 5.66025484e-03 9.44155667e-17
8.50000000e-02 7.71859738e+00 5.40234780e-14 8.42186490e-01 1.88238683e-16 5.87219229e-03 1.76341114e-16
9.00000000e-02 7.14620572e+00 6.86347694e-14 8.24927607e-01 2.79639329e-16 6.12239712e-03 4.68899020e-16
9.50000000e-02 6.62924320e+00 6.86018437e-14 8.06706761e-01 2.05167231e-16 6.36097026e-03 7.66838108e-16
1.01000000e-01 6.06864961e+00 5.77606177e-14 7.82809579e-01 1.67294622e-16 6.62973478e-03 5.03610538e-16
1.08000000e-01 5.48724825e+00 4.84148637e-14 7.53117989e-01 1.24923568e-16 6.92169934e-03 4.52144029e-16
1.15000000e-01 4.96859044e+00 1.88000277e-13 7.20213741e-01 6.14393866e-16 7.18832023e-03 1.94131919e-15
1.24000000e-01 4.38101871e+00 4.31174957e-14 6.74873821e-01 2.19426730e-16 7.49556044e-03 4.17235705e-16
1.35000000e-01 3.76034086e+00 4.47807738e-14 6.14086183e-01 2.61747576e-16 7.81330082e-03 5.28091930e-16
1.47000000e-01 3.18098236e+00 4.60381863e-14 5.42780112e-01 3.88985075e-16 8.07942899e-03 7.47633859e-16
1.61000000e-01 2.60515929e+00 1.56631631e-14 4.55472900e-01 1.38896326e-16 8.26517639e-03 2.24451178e-16
1.79000000e-01 1.98520252e+00 1.24325518e-14 3.42189572e-01 2.30170627e-16 8.26329601e-03 3.83700411e-16
2.00000000e-01 1.39269605e+00 1.76225559e-14 2.16586851e-01 2.89659762e-16 7.86055798e-03 3.06786603e-16
2.28000000e-01 7.84805331e-01 3.49866242e-15 7.38871281e-02 5.59926066e-16 6.65619032e-03 4.37963623e-17
2.65000000e-01 2.77635796e-01 3.79949983e-15 9.46246235e-02 4.82205970e-16 4.37254839e-03 1.12572971e-16
3.15000000e-01 1.21698314e-01 9.84510366e-15 2.04226341e-01 2.84907580e-15 1.85021852e-03 1.09170477e-16
3.88000000e-01 1.37374743e-01 4.82117709e-15 1.53804618e-01 1.84433458e-16 2.88023165e-03 1.75744019e-16
5.01000000e-01 2.84059559e-02 1.06596034e-14 7.23282081e-02 2.77170590e-16 1.86459523e-03 1.08533801e-16
6.97000000e-01 4.23253903e-03 1.36758883e-15 2.17165348e-02 8.75597680e-17 8.46233700e-04 2.15745362e-17
7.54000000e-01 6.58687001e-03 2.31177271e-15 1.65144274e-02 1.06128924e-16 6.46384540e-04 3.64434944e-17
8.19000000e-01 5.18361314e-03 2.24590423e-15 1.25189903e-02 4.77524903e-17 4.79967923e-04 4.34948540e-17
8.95000000e-01 5.57184838e-03 1.83746512e-15 1.15897198e-02 6.91050901e-17 3.64103454e-04 2.99361890e-17
9.38000000e-01 3.89047984e-03 3.41215355e-15 8.53453973e-03 5.55036969e-17 3.19315741e-04 2.26766282e-17
9.85000000e-01 4.74189237e-03 2.46714229e-15 6.34698459e-03 3.62770567e-17 2.21189602e-04 6.48359817e-17
1.03700000e+00 3.41236381e-03 4.82100894e-15 5.46220676e-03 1.27054558e-17 1.97722879e-04 2.82711821e-17
1.09500000e+00 3.11617569e-03 1.13400136e-15 4.25960384e-03 3.32337050e-17 1.58991148e-04 1.27705327e-17
1.16000000e+00 2.80003246e-03 1.16626801e-15 4.18200351e-03 1.18552255e-17 1.35129257e-04 1.79295003e-17
1.23500000e+00 2.21893421e-03 1.98634037e-15 2.89422693e-03 7.50587290e-18 1.09815733e-04 1.39701901e-17
1.27800000e+00 2.15414743e-03 2.35292146e-15 3.10445067e-03 1.40730217e-17 1.05315343e-04 1.27350618e-17
1.32400000e+00 1.73967908e-03 3.38447197e-16 2.25493400e-03 2.25015419e-17 8.43569716e-05 9.23772012e-18
1.37500000e+00 1.55968317e-03 1.44825198e-15 1.93436111e-03 4.37063540e-17 7.31980619e-05 4.17409650e-17
1.43200000e+00 1.40433980e-03 1.71651670e-15 1.95753581e-03 3.83247441e-17 6.73503994e-05 3.17454803e-17
1.49600000e+00 1.32706148e-03 3.28083813e-15 1.51280146e-03 8.96783235e-17 5.85485998e-05 4.02566418e-17
1.57000000e+00 1.09983137e-03 2.83418357e-15 1.25577746e-03 6.00909557e-17 4.69032056e-05 5.03319088e-17
1.65500000e+00 1.01210020e-03 2.35443878e-15 1.42117988e-03 2.87406350e-17 4.22357695e-05 4.95905929e-17
1.75500000e+00 6.62463722e-04 1.23870793e-14 8.10448763e-04 1.70529901e-16 3.14121166e-05 1.81766892e-16
1.87700000e+00 6.26508393e-04 6.55663980e-15 9.13350040e-04 1.09730993e-16 2.50718089e-05 9.66711424e-17
2.02700000e+00 1.47755531e-04 1.45349327e-14 9.18383993e-04 7.07180345e-17 5.34559943e-06 2.02746261e-16
2.22100000e+00 1.52104124e-04 2.99512108e-15 5.33299211e-04 4.82528993e-17 8.61132404e-06 2.07908251e-17
2.48300000e+00 2.75257482e-04 1.02246868e-15 2.49374556e-04 3.17355312e-17 9.80730720e-06 1.58563118e-17
2.86700000e+00 6.32728650e-05 8.94197501e-16 6.52485484e-05 3.04242502e-18 1.87346662e-06 1.29430205e-17
3.51100000e+00 6.39543804e-05 5.22336338e-17 3.88664888e-05 5.64270617e-18 8.22316953e-07 2.70253132e-18
Wave direction
5.23599e-01
    Frequency      Surge          Sway           Heave          Roll           Pitch          Yaw
4.30000000e-02 1.50280436e+01 8.54635011e+00 9.63798135e-01 1.74497056e-03 2.85773660e-03 2.09848224e-02
4.40000000e-02 1.46683445e+01 8.33928637e+00 9.62310671e-01 1.79072535e-03 2.92098896e-03 2.09654828e-02
4.50000000e-02 1.43243065e+01 8.14095859e+00 9.60783588e-01 1.83356189e-03 2.98387178e-03 2.09431084e-02
4.60000000e-02 1.39946662e+01 7.95094421e+00 9.59290428e-01 1.87449058e-03 3.04651085e-03 2.09198220e-02
4.80000000e-02 1.33762062e+01 7.59357233e+00 9.56368456e-01 1.94964850e-03 3.17129745e-03 2.08684471e-02
4.90000000e-02 1.30847775e+01 7.42580780e+00 9.54796661e-01 1.99232836e-03 3.23287893e-03 2.08469687e-02
5.10000000e-02 1.25347311e+01 7.10863432e+00 9.51741702e-01 2.07576523e-03 3.35524050e-03 2.07895587e-02
5.20000000e-02 1.22755683e+01 6.95918225e+00 9.50160889e-01 2.11520146e-03 3.41633743e-03 2.07666366e-02
5.40000000e-02 1.17833537e+01 6.67610507e+00 9.46903325e-01 2.20624770e-03 3.53674062e-03 2.07138390e-02
5.60000000e-02 1.13252093e+01 6.41204217e+00 9.43514534e-01 2.28219046e-03 3.65640517e-03 2.06572246e-02
5.80000000e-02 1.08948222e+01 6.16401577e+00 9.37799248e-01 2.18413994e-03 3.77044407e-03 2.07361979e-02
6.00000000e-02 1.04990348e+01 5.93696925e+00 9.37616853e-01 2.47915526e-03 3.89568278e-03 2.05295118e-02
6.20000000e-02 1.01201776e+01 5.71713745e+00 9.33436768e-01 2.52771097e-03 4.00846234e-03 2.04573109e-02
6.50000000e-02 9.59516729e+00 5.41696489e+00 9.27689989e-01 2.65448133e-03 4.17905097e-03 2.03840188e-02
6.80000000e-02 9.11472703e+00 5.14051749e+00 9.22092213e-01 2.77565141e-03 4.34749820e-03 2.02796246e-02
7.00000000e-02 8.81814939e+00 4.96723182e+00 9.19301213e-01 2.85822596e-03 4.45911565e-03 2.01790570e-02
7.40000000e-02 8.27068987e+00 4.65326911e+00 9.13219233e-01 2.96829796e-03 4.67793228e-03 2.01211698e-02
7.70000000e-02 7.84817491e+00 4.45375181e+00 8.92220981e-01 3.36531705e-03 4.82264285e-03 2.01808171e-02
8.10000000e-02 7.40439286e+00 4.17161574e+00 8.90399170e-01 3.39156839e-03 5.03843983e-03 1.98315513e-02
8.50000000e-02 6.98148067e+00 3.92640219e+00 8.82001971e-01 3.52945555e-03 5.24218720e-03 1.96498098e-02
9.00000000e-02 6.49685182e+00 3.65084657e+00 8.69271900e-01 3.73984453e-03 5.48656488e-03 1.94429451e-02
9.50000000e-02 6.05921434e+00 3.40144283e+00 8.55793778e-01 3.94603654e-03 5.72323417e-03 1.92146910e-02
1.01000000e-01 5.58488706e+00 3.13279712e+00 8.38059879e-01 4.19574309e-03 5.99550153e-03 1.89369738e-02
1.08000000e-01 5.09273659e+00 2.85315889e+00 8.15949245e-01 4.48092786e-03 6.29870580e-03 1.85828573e-02
1.15000000e-01 4.65347463e+00 2.60550654e+00 7.91236283e-01 4.77332986e-03 6.58500527e-03 1.82179545e-02
1.24000000e-01 4.15547973e+00 2.32459015e+00 7.56967530e-01 5.13902848e-03 6.93023504e-03 1.77216414e-02
1.35000000e-01 3.62831883e+00 2.02780115e+00 7.10328349e-01 5.57379114e-03 7.31454572e-03 1.70744407e-02
1.47000000e-01 3.13502431e+00 1.75027206e+00 6.54626764e-01 6.02201852e-03 7.68154518e-03 1.63207421e-02
1.61000000e-01 2.64323705e+00 1.47430325e+00 5.84798754e-01 6.49447643e-03 8.02757234e-03 1.53839974e-02
1.79000000e-01 2.11124865e+00 1.17690960e+00 4.91183161e-01 6.96781125e-03 8.30805714e-03 1.40987095e-02
2.00000000e-01 1.59708832e+00 8.90306990e-01 3.82406689e-01 7.20580089e-03 8.34553934e-03 1.25039967e-02
2.28000000e-01 1.05167634e+00 5.80101886e-01 2.46331880e-01 6.58159924e-03 7.85714236e-03 1.02614285e-02
2.65000000e-01 5.45026641e-01 2.56778345e-01 9.40815915e-02 2.65468707e-03 6.46190451e-03 7.13227248e-03
3.15000000e-01 1.72527646e-01 5.73630119e-01 1.05138394e-01 1.47414871e-01 4.10827108e-03 9.17303723e-03
3.88000000e-01 7.85120567e-02 3.73918885e-02 1.98685842e-01 1.91048051e-02 1.78558181e-03 9.59682908e-04
5.01000000e-01 3.57861480e-02 3.22258897e-02 6.39118852e-02 3.47685398e-03 2.77179573e-03 6.26749748e-04
6.97000000e-01 5.63251415e-03 2.61317467e-02 2.54939431e-02 6.76860766e-04 9.83709118e-04 2.12082389e-04
7.54000000e-01 6.22974233e-03 1.39174592e-02 2.05392745e-02 4.96963992e-04 6.82136211e-04 2.96681030e-04
8.19000000e-01 4.85511834e-03 1.22285102e-02 1.19039105e-02 3.42714498e-04 5.63035591e-04 1.74185163e-04
8.95000000e-01 4.37698497e-03 5.04410719e-03 1.30119109e-02 4.11855438e-04 3.68965951e-04 1.86604583e-04
9.38000000e-01 3.50531952e-03 7.78398563e-03 8.39756985e-03 2.31147493e-04 3.49806732e-04 1.09606738e-04
9.85000000e-01 5.72973576e-03 7.33313191e-03 6.88135355e-03 2.02494630e-04 2.22604432e-04 9.59119657e-05
1.03700000e+00 2.40383104e-03 4.38009918e-03 5.60301474e-03 1.97339313e-04 2.03571339e-04 7.97068225e-05
1.09500000e+00 3.69028518e-03 2.67959201e-03 4.14755574e-03 1.92340529e-04 1.57637376e-04 7.95307598e-05
1.16000000e+00 3.08184616e-03 3.99608606e-03 4.56188573e-03 9.33469862e-05 1.29217144e-04 2.85588322e-05
1.23500000e+00 1.91633304e-03 3.26986117e-03 2.60601595e-03 7.54364316e-05 9.34391194e-05 1.26866509e-05
1.27800000e+00 2.42834776e-03 1.02687439e-03 3.39098382e-03 1.19853494e-04 1.16649183e-04 3.89480715e-05
1.32400000e+00 1.62603565e-03 1.64718169e-03 1.97088796e-03 9.57543069e-05 6.68394801e-05 3.23402536e-05
1.37500000e+00 1.27880442e-03 2.46508796e-03 1.90876571e-03 6.26333104e-05 6.30323321e-05 2.18356152e-06
1.43200000e+00 1.36589856e-03 1.86039255e-03 1.92441765e-03 6.47543905e-05 7.32671486e-05 1.43364347e-05
1.49600000e+00 8.43255393e-04 2.25414451e-03 1.13045153e-03 6.15804662e-05 4.58387502e-05 1.74654594e-05
1.57000000e+00 7.22356274e-04 7.40779983e-04 1.03705661e-03 5.46618780e-05 3.02137461e-05 1.31832766e-05
1.65500000e+00 6.01763785e-04 8.43305068e-04 1.03485099e-03 6.19771175e-05 3.50262431e-05 1.67760122e-05
1.75500000e+00 5.38921222e-04 4.93258669e-04 6.81480256e-04 5.14866205e-05 2.60779553e-05 1.79316651e-05
1.87700000e+00 4.31695505e-04 1.95186909e-05 5.87407331e-04 3.22812998e-05 2.26485789e-05 1.08576072e-05
2.02700000e+00 6.72705381e-04 2.25473774e-04 3.95284118e-04 3.18074792e-05 2.15785162e-05 5.28677274e-06
2.22100000e+00 1.46238633e-04 2.46400696e-04 4.97964397e-04 2.63323185e-05 1.14994859e-05 4.92485506e-06
2.48300000e+00 2.98090469e-04 8.08985398e-05 3.49383955e-04 1.62210383e-05 1.06690925e-05 2.58092020e-06
2.86700000e+00 6.31357117e-05 1.28119538e-04 9.27221967e-05 1.56397270e-06 3.03822546e-06 4.81360173e-07
3.51100000e+00 2.07453701e-05 1.19372416e-04 1.86572613e-05 7.09221735e-07 9.33747932e-07 1.59113823e-06
Wave direction
1.04720e+00
    Frequency      Surge          Sway           Heave          Roll           Pitch          Yaw
4.30000000e-02 8.94142133e+00 1.50999317e+01 9.88302173e-01 3.03467477e-03 1.66450858e-03 2.12954347e-02
4.40000000e-02 8.73730673e+00 1.47475775e+01 9.87893084e-01 3.11521441e-03 1.70260016e-03 2.12908722e-02
4.50000000e-02 8.54227477e+00 1.44105837e+01 9.87443446e-01 3.19060822e-03 1.74052136e-03 2.12833159e-02
4.60000000e-02 8.35541270e+00 1.40879996e+01 9.87016438e-01 3.26262619e-03 1.77840422e-03 2.12752212e-02
4.80000000e-02 8.00547709e+00 1.34823362e+01 9.86184408e-01 3.39476530e-03 1.85414035e-03 2.12551622e-02
4.90000000e-02 7.84090538e+00 1.31979923e+01 9.85769177e-01 3.47009022e-03 1.89174463e-03 2.12500840e-02
5.10000000e-02 7.53000424e+00 1.26619214e+01 9.84916629e-01 3.61770915e-03 1.96644631e-03 2.12257882e-02
5.20000000e-02 7.38420955e+00 1.24091946e+01 9.84522464e-01 3.68732014e-03 2.00417777e-03 2.12202905e-02
5.40000000e-02 7.10700137e+00 1.19314543e+01 9.83675010e-01 3.84931724e-03 2.07850363e-03 2.12026435e-02
5.60000000e-02 6.84954452e+00 1.14868581e+01 9.82747638e-01 3.98383985e-03 2.15296697e-03 2.11826258e-02
5.80000000e-02 6.61349860e+00 1.10691756e+01 9.80423343e-01 3.79362017e-03 2.22572457e-03 2.13063894e-02
6.00000000e-02 6.38656184e+00 1.06864929e+01 9.81896069e-01 4.33676548e-03 2.30462038e-03 2.11348896e-02
6.20000000e-02 6.17390051e+00 1.03217180e+01 9.80161144e-01 4.42270458e-03 2.37466199e-03 2.10989546e-02
6.50000000e-02 5.88182833e+00 9.81868539e+00 9.78850395e-01 4.65051637e-03 2.48458850e-03 2.10900806e-02
6.80000000e-02 5.61445663e+00 9.35828071e+00 9.77484649e-01 4.86945633e-03 2.59391369e-03 2.10508162e-02
7.00000000e-02 5.44891055e+00 9.07199923e+00 9.76954169e-01 5.02063880e-03 2.66636472e-03 2.09934127e-02
7.40000000e-02 5.15115539e+00 8.54646734e+00 9.76730957e-01 5.21179367e-03 2.81522240e-03 2.10390439e-02
7.70000000e-02 4.91300358e+00 8.19948732e+00 9.71138642e-01 5.96424581e-03 2.91578884e-03 2.11777424e-02
8.10000000e-02 4.66734805e+00 7.75050438e+00 9.69432810e-01 6.01146752e-03 3.06004116e-03 2.09190165e-02
8.50000000e-02 4.43523262e+00 7.34952560e+00 9.67600023e-01 6.26948782e-03 3.20307828e-03 2.08433909e-02
9.00000000e-02 4.17019215e+00 6.89819283e+00 9.64772036e-01 6.67213357e-03 3.37955189e-03 2.07764422e-02
9.50000000e-02 3.93129742e+00 6.49207624e+00 9.61724844e-01 7.07378154e-03 3.55529931e-03 2.06938900e-02
1.01000000e-01 3.67323852e+00 6.05581857e+00 9.57698694e-01 7.57113639e-03 3.76478914e-03 2.06001460e-02
1.08000000e-01 3.40595054e+00 5.60472889e+00 9.52645344e-01 8.15707572e-03 4.00769644e-03 2.04712225e-02
1.15000000e-01 3.16779978e+00 5.20632626e+00 9.46780306e-01 8.78310747e-03 4.24876985e-03 2.03424420e-02
1.24000000e-01 2.89850783e+00 4.75650363e+00 9.38588663e-01 9.61057252e-03 4.55827772e-03 2.01647004e-02
1.35000000e-01 2.61336844e+00 4.28356767e+00 9.26748722e-01 1.06831049e-02 4.93408071e-03 1.99263453e-02
1.47000000e-01 2.34663259e+00 3.84338780e+00 9.11776602e-01 1.19427894e-02 5.34040649e-03 1.96390780e-02
1.61000000e-01 2.08092570e+00 3.40745664e+00 8.91635452e-01 1.35696168e-02 5.80572445e-03 1.92665194e-02
1.79000000e-01 1.79461514e+00 2.93996800e+00 8.62273089e-01 1.59735697e-02 6.37847839e-03 1.87266951e-02
2.00000000e-01 1.51931773e+00 2.49243599e+00 8.24664961e-01 1.94085403e-02 6.99005554e-03 1.80130392e-02
2.28000000e-01 1.22398264e+00 2.01373768e+00 7.70710165e-01 2.57593718e-02 7.67507305e-03 1.69488316e-02
2.65000000e-01 9.25183959e-01 1.54372670e+00 6.92998505e-01 4.25588074e-02 8.33414293e-03 1.55528390e-02
3.15000000e-01 6.30041800e-01 1.22074186e+00 5.57842639e-01 3.32589951e-01 8.85003411e-03 4.08797696e-03
3.88000000e-01 3.22309800e-01 2.59379376e-01 2.69152635e-01 8.54370695e-03 8.64113905e-03 6.75053828e-03
5.01000000e-01 5.52374424e-02 5.24431811e-02 6.04212961e-02 5.49099342e-03 4.30364668e-03 1.97775710e-03
6.97000000e-01 4.31506426e-03 1.50947282e-02 4.28046225e-02 3.52992812e-03 1.43005067e-03 7.88116444e-04
7.54000000e-01 1.14635040e-02 4.14819201e-02 2.75136576e-02 1.28363871e-03 1.15004632e-03 3.99542339e-04
8.19000000e-01 1.35867429e-02 3.95511562e-02 2.12287245e-02 7.56418774e-04 7.46781737e-04 3.12268045e-04
8.95000000e-01 6.23597208e-03 9.86859992e-03 1.80632724e-02 1.24814783e-03 5.65170213e-04 4.54665469e-04
9.38000000e-01 2.33038310e-03 1.48830844e-02 1.29070559e-02 8.13916794e-04 4.89876087e-04 2.91406955e-04
9.85000000e-01 5.30603692e-03 1.96346579e-02 1.77374507e-02 3.97793634e-04 3.28525626e-04 1.15256697e-04
1.03700000e+00 6.37239176e-03 8.90239980e-03 2.18414008e-02 6.43487907e-04 4.08914196e-04 2.39745245e-04
1.09500000e+00 8.91659124e-04 8.20047640e-03 7.01191548e-03 4.51589821e-04 2.14255140e-04 1.54167924e-04
1.16000000e+00 4.19952654e-03 1.06859439e-02 5.92970514e-03 2.92721296e-04 1.55879750e-04 7.75141541e-05
1.23500000e+00 6.38278494e-04 8.64826081e-03 3.35675995e-03 2.73270023e-04 1.26146472e-04 8.02954798e-05
1.27800000e+00 7.18345280e-04 6.55662511e-03 1.80023774e-03 1.52869438e-04 6.09203643e-05 4.54269448e-05
1.32400000e+00 1.70688012e-03 1.29406300e-03 1.70608281e-03 2.25458561e-04 9.22361152e-05 8.77181932e-05
1.37500000e+00 2.16771019e-03 4.51703882e-03 2.57743626e-03 9.99669658e-05 1.61343289e-04 2.16288975e-06
1.43200000e+00 1.23905214e-03 8.33660588e-04 2.34640865e-03 1.65815035e-04 6.01956303e-05 6.48416013e-05
1.49600000e+00 5.16419896e-04 2.98062692e-03 1.20098463e-03 8.33843509e-05 3.58461132e-05 2.23080322e-05
1.57000000e+00 4.39314485e-04 1.62718063e-03 1.13040364e-03 6.72937152e-05 3.66278558e-05 2.97566173e-05
1.65500000e+00 6.50089229e-04 1.79281910e-03 1.09094448e-03 6.30020292e-05 3.98394668e-05 1.99376392e-05
1.75500000e+00 3.29617021e-04 1.24485912e-03 7.00197737e-04 4.52931947e-05 1.68650598e-05 5.07103341e-06
1.87700000e+00 7.23494689e-05 3.69650309e-04 8.07830713e-04 5.59491492e-05 1.19675138e-05 1.42755952e-05
2.02700000e+00 4.98507445e-04 3.68956414e-04 7.48078764e-04 3.53440514e-05 5.57438706e-06 1.00746890e-05
2.22100000e+00 8.79704116e-05 2.36814866e-04 1.99294034e-04 1.86874083e-05 6.11542725e-06 8.02288017e-07
2.48300000e+00 1.73007902e-04 3.06951699e-04 1.04367137e-04 1.77411049e-05 7.32928281e-06 3.99117868e-06
2.86700000e+00 5.86658360e-05 1.60826203e-04 3.20678155e-05 8.55482706e-06 1.67071151e-06 2.37250994e-06
3.51100000e+00 4.47763101e-05 3.61903415e-05 3.03614792e-05 3.49685597e-06 6.64804454e-07 9.30794932e-07
Wave direction
1.57080e+00
    Frequency      Surge          Sway           Heave          Roll           Pitch          Yaw
4.30000000e-02 2.42802759e-01 1.76088387e+01 1.00383212e+00 3.51088165e-03 3.03618936e-05 4.40773359e-04
4.40000000e-02 2.41459851e-01 1.72057033e+01 1.00405907e+00 3.60461446e-03 3.13096976e-05 4.34848365e-04
4.50000000e-02 2.39632174e-01 1.68204531e+01 1.00424834e+00 3.69231986e-03 3.23648311e-05 4.30786134e-04
4.60000000e-02 2.36630831e-01 1.64518538e+01 1.00444853e+00 3.77604734e-03 3.34181753e-05 4.24445378e-04
4.80000000e-02 2.29088314e-01 1.57604508e+01 1.00485426e+00 3.92942888e-03 3.57552516e-05 4.07677677e-04
4.90000000e-02 2.26417614e-01 1.54358435e+01 1.00511668e+00 4.01710798e-03 3.67533412e-05 3.99729869e-04
5.10000000e-02 2.18956700e-01 1.48248188e+01 1.00555519e+00 4.18910940e-03 3.96042755e-05 3.97040875e-04
5.20000000e-02 2.16144709e-01 1.45366790e+01 1.00585514e+00 4.27000388e-03 4.05044055e-05 3.85789991e-04
5.40000000e-02 2.10027786e-01 1.39926067e+01 1.00640929e+00 4.45940929e-03 4.31654614e-05 3.85082550e-04
5.60000000e-02 2.04604318e-01 1.34869677e+01 1.00691497e+00 4.61580623e-03 4.55999251e-05 3.71876655e-04
5.80000000e-02 2.13378537e-01 1.30119009e+01 1.00667777e+00 4.37572366e-03 4.60475032e-05 1.59697336e-04
6.00000000e-02 1.90806738e-01 1.25763889e+01 1.00890775e+00 5.02985232e-03 4.87063372e-05 3.45412322e-04
6.20000000e-02 1.86677136e-01 1.21650811e+01 1.00864578e+00 5.12845653e-03 5.52030951e-05 3.64887564e-04
6.50000000e-02 1.81255823e-01 1.15946019e+01 1.00986632e+00 5.39471486e-03 5.88321058e-05 3.39289208e-04
6.80000000e-02 1.74350701e-01 1.10744117e+01 1.01089653e+00 5.65084914e-03 6.44301389e-05 3.35135328e-04
7.00000000e-02 1.67624867e-01 1.07525339e+01 1.01160438e+00 5.82908843e-03 7.23404673e-05 3.53674391e-04
7.40000000e-02 1.65425493e-01 1.01570443e+01 1.01444509e+00 6.03896490e-03 8.62765717e-05 2.41607204e-04
7.70000000e-02 2.14363297e-01 9.75518422e+00 1.01863554e+00 6.96439430e-03 6.00599848e-05 2.94542675e-04
8.10000000e-02 1.58540441e-01 9.26241047e+00 1.01638048e+00 7.00738886e-03 7.13603059e-05 3.25472798e-04
8.50000000e-02 1.49032122e-01 8.81481552e+00 1.01809724e+00 7.30755422e-03 8.17240839e-05 3.16538010e-04
9.00000000e-02 1.41476674e-01 8.31071818e+00 1.02072519e+00 7.78514209e-03 9.02404499e-05 3.08257799e-04
9.50000000e-02 1.34546951e-01 7.85908625e+00 1.02338502e+00 8.26199985e-03 9.94451278e-05 3.05529573e-04
1.01000000e-01 1.27344682e-01 7.37516069e+00 1.02687368e+00 8.85368191e-03 1.09293433e-04 2.99645088e-04
1.08000000e-01 1.19696603e-01 6.87756123e+00 1.03113475e+00 9.55078040e-03 1.23236024e-04 2.98010735e-04
1.15000000e-01 1.12633157e-01 6.43954967e+00 1.03571998e+00 1.03020593e-02 1.34039098e-04 2.98983254e-04
1.24000000e-01 1.04789608e-01 5.94759810e+00 1.04209641e+00 1.12945322e-02 1.50670460e-04 3.01545276e-04
1.35000000e-01 9.56670601e-02 5.43379551e+00 1.05033688e+00 1.25858495e-02 1.67284796e-04 3.11137329e-04
1.47000000e-01 8.64800687e-02 4.95939061e+00 1.05997125e+00 1.41085966e-02 1.83006935e-04 3.29780860e-04
1.61000000e-01 7.63268231e-02 4.49401847e+00 1.07195860e+00 1.60969780e-02 1.95836577e-04 3.65614231e-04
1.79000000e-01 6.43424892e-02 4.00197435e+00 1.08864895e+00 1.90921081e-02 2.05315673e-04 4.37448942e-04
2.00000000e-01 5.25710826e-02 3.54167560e+00 1.11041925e+00 2.35608937e-02 2.14227765e-04 5.72472170e-04
2.28000000e-01 4.28792316e-02 3.07028743e+00 1.14325973e+00 3.25454072e-02 2.52522793e-04 8.94209815e-04
2.65000000e-01 4.27381051e-02 2.65517641e+00 1.19089083e+00 5.94638286e-02 3.88764798e-04 1.96996761e-03
3.15000000e-01 4.58790287e-02 8.70060968e-01 1.23813639e+00 5.95252683e-01 6.47844774e-04 2.55782877e-02
3.88000000e-01 3.96306908e-02 1.32482656e+00 1.17879387e+00 3.49916794e-02 9.55263360e-04 2.25571680e-03
5.01000000e-01 2.39712895e-02 9.12077517e-01 8.12013847e-01 1.26154864e-02 1.11115599e-03 1.34894248e-03
6.97000000e-01 1.04868021e-02 4.74754108e-01 3.07954928e-01 4.48248834e-03 7.22425128e-04 9.61270750e-04
7.54000000e-01 8.63468592e-03 3.91169887e-01 2.34153836e-01 3.51724204e-03 6.15291062e-04 8.91133572e-04
8.19000000e-01 6.71764386e-03 3.11460549e-01 1.71935048e-01 2.70349731e-03 5.15055164e-04 8.08918015e-04
8.95000000e-01 4.74275081e-03 2.35451429e-01 1.20504428e-01 1.97881186e-03 4.26741020e-04 7.11070998e-04
9.38000000e-01 4.04322146e-03 2.00171605e-01 9.78011765e-02 1.64343602e-03 3.96680863e-04 6.53284435e-04
9.85000000e-01 3.48356995e-03 1.66862760e-01 6.67130713e-02 1.31353715e-03 2.96175209e-04 5.88453111e-04
1.03700000e+00 5.57567333e-03 1.36100190e-01 7.26438223e-02 9.68758590e-04 4.64267925e-04 5.16251917e-04
1.09500000e+00 2.48080400e-03 1.04157801e-01 4.87681919e-02 1.87423440e-04 2.40269189e-04 4.39559004e-04
1.16000000e+00 2.15101530e-03 9.00118062e-02 3.53674750e-02 7.20789780e-04 2.13637233e-04 3.43668576e-04
1.23500000e+00 7.91029064e-04 6.97049804e-02 2.07915566e-02 3.76880518e-04 1.57882290e-04 2.69966251e-04
1.27800000e+00 8.35682252e-04 6.35077603e-02 7.43216558e-03 3.03463336e-04 9.57042042e-05 2.17113019e-04
1.32400000e+00 6.47786653e-04 5.66708989e-02 2.30351721e-02 2.47322617e-04 1.37351704e-04 1.71616181e-04
1.37500000e+00 3.00308077e-04 5.02074440e-02 1.55345878e-02 2.31108621e-04 1.16451823e-04 1.24632112e-04
1.43200000e+00 3.06931353e-04 4.35085184e-02 1.18298764e-02 2.67235514e-04 9.21567999e-05 8.00740173e-05
1.49600000e+00 9.70603935e-04 4.20592705e-02 8.57902090e-03 1.89865658e-04 7.15166842e-05 5.01586833e-05
1.57000000e+00 6.11424269e-04 3.39368178e-02 4.89187284e-03 2.00131974e-04 4.46240376e-05 3.56267139e-05
1.65500000e+00 8.63602129e-04 2.80552074e-02 6.36109832e-03 1.92995513e-04 4.28510216e-05 4.41269876e-05
1.75500000e+00 8.16924651e-04 1.91430438e-02 3.21691091e-03 1.81773122e-04 3.85497716e-05 6.08298591e-05
1.87700000e+00 5.33828144e-04 1.56893280e-02 1.93261594e-03 1.14165213e-04 3.13474752e-05 7.36685880e-05
2.02700000e+00 5.31432425e-04 9.03659227e-03 1.92411101e-03 1.01315401e-04 1.29054742e-05 2.92216899e-05
2.22100000e+00 2.69791261e-04 6.89977713e-03 1.20296250e-03 7.36152244e-05 1.81464858e-05 2.51032511e-05
2.48300000e+00 1.39049377e-04 2.73796208e-03 5.45826124e-04 3.54713419e-05 8.22789059e-06 1.25504103e-05
2.86700000e+00 7.90884222e-05 7.84703126e-04 1.92289975e-04 1.21720244e-05 3.62220179e-06 4.54536574e-06
3.51100000e+00 3.69790633e-05 4.20483054e-04 8.69650693e-05 1.24553061e-05 1.41689977e-06 1.72610972e-06
